{"1": {"LA": {"7-8": {"max_dim": 2, "1": {"cov_matrix": 6149.054981688767, "mean": 1421.3508474576272}, "2": {"cov_matrix": [[90002878.83930215, -75379.05348131698], [-75379.05348131698, 130452.09840826128]], "mean": [2085.404882154882, 838.8762626262626]}}, "8-9": {"max_dim": 3, "1": {"cov_matrix": 8176.148912784224, "mean": 1844.9962807438512}, "2": {"cov_matrix": [[146955326.1347711, -1289585.3789762382], [-1289585.3789762382, 70795117.1200938]], "mean": [3065.0256657042028, 1879.2361244786655]}, "3": {"cov_matrix": [[344149805.6442797, -20989733.17466374, 144200368.9887456], [-20989733.17466374, 240985385.41678658, -8947127.528703619], [144200368.9887456, -8947127.528703619, 176971315.96143842]], "mean": [6452.447876447876, 4653.544401544402, 3587.210424710425]}}, "9-10": {"max_dim": 4, "1": {"cov_matrix": 9389.363525769639, "mean": 2176.475056264066}, "2": {"cov_matrix": [[169372877.58512202, -2129946.0743522854], [-2129946.0743522854, 118474515.96856876]], "mean": [3422.5355765109302, 2641.228032576082]}, "3": {"cov_matrix": [[265277118.5299244, -14632030.199868208, -6739861.133781389], [-14632030.199868208, 304177927.98828775, -4731147.954049184], [-6739861.133781389, -4731147.954049184, 105123651.89877534]], "mean": [4940.190076335878, 5791.074809160305, 2372.498473282443]}, "4": {"cov_matrix": [[204330559.35126382, 13594626.965211863, -8284596.782287689, -3421126.4399163476], [13594626.965211863, 398885873.34686315, -16751853.692416802, -6389342.578777959], [-8284596.782287689, -16751853.692416802, 167929942.4319694, 473682.1768139669], [-3421126.4399163476, -6389342.578777959, 473682.1768139669, 70318637.82207675]], "mean": [3829.395744680851, 7429.259574468085, 3320.344680851064, 1682.8595744680852]}}, "10-11": {"max_dim": 4, "1": {"cov_matrix": 8793.737244584716, "mean": 1979.6516675489677}, "2": {"cov_matrix": [[146455600.81254876, 989028.0119096781], [989028.0119096781, 67237891.19761354]], "mean": [3037.627182718272, 1784.8745274527453]}, "3": {"cov_matrix": [[171481948.10324967, 356034.20004968735, -4289046.477200555], [356034.20004968735, 189033604.3824725, -477184.82199756434], [-4289046.477200555, -477184.82199756434, 105359315.22534977]], "mean": [3337.812161348585, 3744.03552077062, 2335.83925346177]}, "4": {"cov_matrix": [[39159039.744490325, 72894.54614214298, -5592009.051206261, -424030.9024125195], [72894.54614214298, 58086513.310063004, 12704303.441816993, -552860.5294501195], [-5592009.051206261, 12704303.441816993, 530270324.6377748, -5400826.716039998], [-424030.9024125195, -552860.5294501195, -5400826.716039998, 58308748.74549005]], "mean": [1113.8883720930232, 1520.8697674418604, 10228.376744186047, 1501.953488372093]}}, "11-12": {"max_dim": 4, "1": {"cov_matrix": 11903.363164606308, "mean": 3023.8467177607463}, "2": {"cov_matrix": [[226364953.40354198, -8438787.690569581], [-8438787.690569581, 167383929.5341531]], "mean": [4389.420870994248, 3448.710435497124]}, "3": {"cov_matrix": [[303378547.1827512, -27670372.554578144, -14248775.15056362], [-27670372.554578144, 337251376.8311972, -15505308.48160048], [-14248775.15056362, -15505308.48160048, 203888281.549977]], "mean": [5648.928126497364, 6409.007666506948, 4016.2261619549595]}, "4": {"cov_matrix": [[385971011.10993487, -42012581.90967263, -58638984.005158566, -17671690.99767424], [-42012581.90967263, 375958869.37702394, -54527638.99426729, -7695619.043548226], [-58638984.005158566, -54527638.99426729, 496413027.1984143, -18675129.775922764], [-17671690.99767424, -7695619.043548226, -18675129.775922764, 163625453.8162778]], "mean": [7108.339468302658, 7076.306748466258, 9581.394683026585, 3262.288343558282]}}, "12-13": {"max_dim": 4, "1": {"cov_matrix": 14162.207116747915, "mean": 4041.097712748066}, "2": {"cov_matrix": [[294125603.0894411, -7927718.2491533], [-7927718.2491533, 177570107.00495514]], "mean": [5619.479647782024, 3633.262003655092]}, "3": {"cov_matrix": [[427546874.26877075, -27493905.061270792, 7682847.2666890565], [-27493905.061270792, 307583916.8484906, -10125782.348193482], [7682847.2666890565, -10125782.348193482, 267747845.14757693]], "mean": [8095.913085465959, 5884.550941574119, 5127.466924191212]}, "4": {"cov_matrix": [[661896904.4341838, -90336326.29390027, 1134811.6280255748, 105467408.21772432], [-90336326.29390027, 441638886.3912301, -30250115.787463527, 45907495.34220057], [1134811.6280255748, -30250115.787463527, 448266875.46558744, -13769043.031307625], [105467408.21772432, 45907495.34220057, -13769043.031307625, 374588525.1061884]], "mean": [13407.879345603273, 8467.552147239263, 8599.364008179959, 7058.529652351738]}}, "13-14": {"max_dim": 4, "1": {"cov_matrix": 13534.146576561126, "mean": 3764.0466771497145}, "2": {"cov_matrix": [[309331708.3104223, -6498902.9192399075], [-6498902.9192399075, 158258892.50436407]], "mean": [5942.247792034661, 3351.5517413764373]}, "3": {"cov_matrix": [[428426118.3873269, -29993968.33332977, 43525135.21923029], [-29993968.33332977, 369140490.8959081, -8314833.7410506215], [43525135.21923029, -8314833.7410506215, 180914432.65482318]], "mean": [8147.084967320261, 7132.997821350763, 3642.04302832244]}, "4": {"cov_matrix": [[489503357.1206808, -90841945.89954819, 151952470.2397592, 38424466.36162639], [-90841945.89954819, 591970594.6282527, -97520137.4218975, 12382203.232528193], [151952470.2397592, -97520137.4218975, 674682173.4143636, -14489442.748012416], [38424466.36162639, 12382203.232528193, -14489442.748012416, 166636871.75240397]], "mean": [9287.31560283688, 11892.312056737588, 13974.074468085106, 3434.723404255319]}}, "14-15": {"max_dim": 4, "1": {"cov_matrix": 10287.0352886489, "mean": 2470.0666666666666}, "2": {"cov_matrix": [[193706979.689333, 1157375.4329515568], [1157375.4329515568, 105083894.43289609]], "mean": [3843.511836212412, 2435.4022179569206]}, "3": {"cov_matrix": [[357686932.3178921, -5206787.769815471, -14894550.383809807], [-5206787.769815471, 255601100.10738456, -9478430.861013407], [-14894550.383809807, -9478430.861013407, 161715742.137229]], "mean": [6666.235294117647, 4937.958393113343, 3293.200143472023]}, "4": {"cov_matrix": [[627630338.004992, -42858803.200566694, -104318228.68778248, -660734.3468933401], [-42858803.200566694, 396902364.6759092, -58231151.7679957, -7101543.1456857575], [-104318228.68778248, -58231151.7679957, 504177877.21115816, -11424356.32324766], [-660734.3468933401, -7101543.1456857575, -11424356.32324766, 84906675.28966811]], "mean": [12475.262295081968, 7506.745901639344, 9697.877049180328, 1916.8483606557377]}}, "15-16": {"max_dim": 4, "1": {"cov_matrix": 9246.1823532647, "mean": 2118.3147965231133}, "2": {"cov_matrix": [[181795382.51570648, -3204812.2478969577], [-3204812.2478969577, 91319395.80165401]], "mean": [3600.977220432582, 2202.705936493327]}, "3": {"cov_matrix": [[346156011.9415656, -27221073.80012217, -6467989.427737197], [-27221073.80012217, 300047068.1012766, -3194289.624952661], [-6467989.427737197, -3194289.624952661, 72939075.28561124]], "mean": [6382.905695611578, 5682.464052287582, 1911.4883286647992]}, "4": {"cov_matrix": [[347406423.76568526, -40002492.095077224, -20397186.802123573, 360328.5477799227], [-40002492.095077224, 403898214.3394465, -20132264.299227778, -191584.8484555984], [-20397186.802123573, -20132264.299227778, 214005534.95366818, 965782.8127413138], [360328.5477799227, -191584.8484555984, 965782.8127413138, 93592.68178893176]], "mean": [6152.633928571428, 7544.303571428572, 4137.535714285715, 629.9464285714286]}}, "16-17": {"max_dim": 4, "1": {"cov_matrix": 12088.25087732047, "mean": 3148.999313052012}, "2": {"cov_matrix": [[288978444.94898826, -8127806.4266421385], [-8127806.4266421385, 154704372.57124966]], "mean": [5534.334435626102, 3307.364417989418]}, "3": {"cov_matrix": [[493224486.9617124, -56139349.16037326, -12737989.817979183], [-56139349.16037326, 429205658.7502976, -7702623.804807091], [-12737989.817979183, -7702623.804807091, 99595141.94319205]], "mean": [9388.696101829753, 8311.912490055689, 2363.9832935560858]}, "4": {"cov_matrix": [[439200855.2286295, -67872011.16227181, -11380858.468849607, 16429204.322515193], [-67872011.16227181, 736603155.6040757, -17823507.28513475, -6498593.23471458], [-11380858.468849607, -17823507.28513475, 99887480.05737467, -404854.4682700657], [16429204.322515193, -6498593.23471458, -404854.4682700657, 41074898.41784989]], "mean": [8058.588235294118, 15424.107843137255, 2368.176470588235, 1265.5294117647059]}}, "17-18": {"max_dim": 4, "1": {"cov_matrix": 12193.02243954148, "mean": 3145.2080454330335}, "2": {"cov_matrix": [[274156213.8382971, -3223836.3397073555], [-3223836.3397073555, 112948180.55515343]], "mean": [5220.9169741697415, 2571.1685116851168]}, "3": {"cov_matrix": [[467974030.145, -27624218.96653535, 37542779.005925424], [-27624218.96653535, 316724260.1233978, -11383238.123456225], [37542779.005925424, -11383238.123456225, 159583293.92010492]], "mean": [8841.64976599064, 6034.39391575663, 3337.134945397816]}, "4": {"cov_matrix": [[836829587.2378061, -206694611.06051254, 156080318.88049048, 147586241.70661336], [-206694611.06051254, 732274052.7416923, -134488165.38839906, 182355759.44370317], [156080318.88049048, -134488165.38839906, 540981339.7940481, -96557277.79468174], [147586241.70661336, 182355759.44370317, -96557277.79468174, 556127805.7566272]], "mean": [18139.858638743455, 15266.240837696336, 10547.973821989528, 10847.602094240838]}}, "18-19": {"max_dim": 4, "1": {"cov_matrix": 12711.84625412497, "mean": 3430.851871947911}, "2": {"cov_matrix": [[288262711.00645095, -7225193.862625789], [-7225193.862625789, 184946214.87622383]], "mean": [5539.88256513026, 3817.715631262525]}, "3": {"cov_matrix": [[464462665.06770146, -42758806.14728066, -15059072.949482303], [-42758806.14728066, 426728321.2747093, -13413388.872840479], [-15059072.949482303, -13413388.872840479, 179836633.89307806]], "mean": [8824.85552407932, 8254.706798866855, 3703.8101983002834]}, "4": {"cov_matrix": [[213880895.3519848, -29844750.395385005, -13590119.226087984, -2563206.584528932], [-29844750.395385005, 786928114.2583454, -34587617.87027738, -13616001.297417505], [-13590119.226087984, -34587617.87027738, 227310127.5394548, -1427046.5142276464], [-2563206.584528932, -13616001.297417505, -1427046.5142276464, 60805238.761740774]], "mean": [4065.243902439024, 16915.873170731706, 4504.90243902439, 1570.2048780487805]}}, "19-20": {"max_dim": 4, "1": {"cov_matrix": 12785.623170676625, "mean": 3474.0666015625}, "2": {"cov_matrix": [[326319414.4710351, -3068186.7048316984], [-3068186.7048316984, 119929142.54950985]], "mean": [6227.314627414903, 2742.8003679852804]}, "3": {"cov_matrix": [[575728130.0199348, -30061435.257754315, 18762366.61125263], [-30061435.257754315, 298611812.10140103, -13549903.726114804], [18762366.61125263, -13549903.726114804, 207253032.02549675]], "mean": [11216.674977738201, 5776.985752448798, 4139.018699910953]}, "4": {"cov_matrix": [[636474458.720594, 18973773.121790547, 153767208.87578976, -67228306.80091414], [18973773.121790547, 516031116.8351929, -115206904.04899855, -52716213.368497126], [153767208.87578976, -115206904.04899855, 672441757.7384052, -68222758.34692173], [-67228306.80091414, -52716213.368497126, -68222758.34692173, 331577821.5568624]], "mean": [12521.86705202312, 10007.78034682081, 13786.462427745664, 6340.358381502891]}}, "20-21": {"max_dim": 3, "1": {"cov_matrix": 10971.330069935071, "mean": 2831.2778818533784}, "2": {"cov_matrix": [[284164976.20352936, 134168.90287521665], [134168.90287521665, 101098311.654744]], "mean": [5531.864468864469, 2449.196581196581]}, "3": {"cov_matrix": [[492565108.53073835, 2718860.657909973, -31906941.868070785], [2718860.657909973, 232330000.73507845, -12799456.417872272], [-31906941.868070785, -12799456.417872272, 223232944.65906736]], "mean": [9514.479274611398, 4654.911917098446, 4332.974093264249]}}, "21-22": {"max_dim": 3, "1": {"cov_matrix": 10285.394570086795, "mean": 2595.207295685724}, "2": {"cov_matrix": [[231436993.69132832, -2943186.044638001], [-2943186.044638001, 141040168.84468463]], "mean": [4546.431099873577, 3155.53603034134]}, "3": {"cov_matrix": [[113247534.91801494, -9027765.659219313, -7433781.95624679], [-9027765.659219313, 355708670.0986776, -17714657.274910115], [-7433781.95624679, -17714657.274910115, 245450709.204032]], "mean": [2562.1581920903955, 6904.429378531074, 4696.689265536723]}}, "22-23": {"max_dim": 2, "1": {"cov_matrix": 11914.669231430236, "mean": 3315.0438260869564}, "2": {"cov_matrix": [[572496939.0891672, -35563747.22211967], [-35563747.22211967, 240439233.35346806]], "mean": [11379.983783783784, 5045.672972972973]}}}, "SA": {"7-8": {"max_dim": 0}, "8-9": {"max_dim": 1, "1": {"cov_matrix": 316.4445478511649, "mean": 1160.132743362832}}, "9-10": {"max_dim": 1, "1": {"cov_matrix": 337.97662188273245, "mean": 980.1365853658536}}, "10-11": {"max_dim": 1, "1": {"cov_matrix": 300.95261952458713, "mean": 983.1486486486486}}, "11-12": {"max_dim": 1, "1": {"cov_matrix": 7317.248628295895, "mean": 1902.1298701298701}}, "12-13": {"max_dim": 2, "1": {"cov_matrix": 7137.498835636592, "mean": 1697.351851851852}, "2": {"cov_matrix": [[96455052.93006255, 300539.26356589154], [300539.26356589154, 79182.75424996599]], "mean": [2119.7151162790697, 944.5116279069767]}}, "13-14": {"max_dim": 2, "1": {"cov_matrix": 416.8923956273378, "mean": 955.5697151424288}, "2": {"cov_matrix": [[104782.6830707425, -14072.598173372671], [-14072.598173372671, 91505.40317619739]], "mean": [807.2737430167598, 588.1117318435754]}}, "14-15": {"max_dim": 2, "1": {"cov_matrix": 18045.20811043666, "mean": 6617.659711075441}, "2": {"cov_matrix": [[720668979.5605594, -37131165.583656855], [-37131165.583656855, 174096071.38501567]], "mean": [15145.298136645963, 3690.049689440994]}}, "15-16": {"max_dim": 2, "1": {"cov_matrix": 14564.635523925495, "mean": 4586.992822966507}, "2": {"cov_matrix": [[673875110.0866171, -141463809.06681898], [-141463809.06681898, 594451682.5002854]], "mean": [13780.718446601943, 12202.902912621359]}}, "16-17": {"max_dim": 1, "1": {"cov_matrix": 4069.2312623281337, "mean": 1202.732}}, "17-18": {"max_dim": 1, "1": {"cov_matrix": 14627.440002198202, "mean": 4753.095152603231}}, "18-19": {"max_dim": 2, "1": {"cov_matrix": 12514.892205999511, "mean": 3587.0577716643743}, "2": {"cov_matrix": [[649512356.4177399, 76022202.73975146], [76022202.73975146, 81883326.0803555]], "mean": [13240.879194630872, 2381.026845637584]}}, "19-20": {"max_dim": 2, "1": {"cov_matrix": 10463.59280026601, "mean": 2601.235130111524}, "2": {"cov_matrix": [[70335738.63811217, -1302683.2473240455], [-1302683.2473240455, 139460407.1919605]], "mean": [1823.0744985673352, 3023.464183381089]}}, "20-21": {"max_dim": 2, "1": {"cov_matrix": 14990.41691189087, "mean": 4522.758382642998}, "2": {"cov_matrix": [[449550927.6013663, -20264184.160644908], [-20264184.160644908, 180313197.8278942]], "mean": [8543.573863636364, 3786.784090909091]}}, "21-22": {"max_dim": 2, "1": {"cov_matrix": 8141.892548622963, "mean": 2061.738146551724}, "2": {"cov_matrix": [[176005549.29418522, 104207.2347353098], [104207.2347353098, 81043.5291120815]], "mean": [3554.9082969432316, 912.3580786026201]}}, "22-23": {"max_dim": 1, "1": {"cov_matrix": 5103.74645666507, "mean": 1615.0751565762005}}}, "FE": {"7-8": {"max_dim": 0}, "8-9": {"max_dim": 0}, "9-10": {"max_dim": 1, "1": {"cov_matrix": 226.52697552794967, "mean": 1196.0445544554455}}, "10-11": {"max_dim": 1, "1": {"cov_matrix": 260.3909221681357, "mean": 1271.7349397590363}}, "11-12": {"max_dim": 1, "1": {"cov_matrix": 238.43492216097175, "mean": 1282.443113772455}}, "12-13": {"max_dim": 1, "1": {"cov_matrix": 22810.61073717302, "mean": 10833.785714285714}}, "13-14": {"max_dim": 1, "1": {"cov_matrix": 16780.53730460554, "mean": 5993.546255506608}}, "14-15": {"max_dim": 1, "1": {"cov_matrix": 5650.563673268432, "mean": 1625.6538461538462}}, "15-16": {"max_dim": 1, "1": {"cov_matrix": 18321.642396694668, "mean": 6735.0}}, "16-17": {"max_dim": 1, "1": {"cov_matrix": 16087.128125988818, "mean": 5316.283333333334}}, "17-18": {"max_dim": 1, "1": {"cov_matrix": 312.9470024276731, "mean": 1009.841095890411}}, "18-19": {"max_dim": 2, "1": {"cov_matrix": 3005.879673160131, "mean": 1042.0911016949153}, "2": {"cov_matrix": [[108214.51419432234, -36046.50279888046], [-36046.50279888046, 37204.690923630544]], "mean": [681.5121951219512, 868.560975609756]}}, "19-20": {"max_dim": 1, "1": {"cov_matrix": 7834.173085715672, "mean": 2043.997830802603}}, "20-21": {"max_dim": 1, "1": {"cov_matrix": 409.70151396361405, "mean": 1092.0041493775934}}, "21-22": {"max_dim": 1, "1": {"cov_matrix": 4529.245404770908, "mean": 1403.4398034398034}}, "22-23": {"max_dim": 1, "1": {"cov_matrix": 399.9143266105938, "mean": 1244.5330739299611}}}}, "44": {"LA": {"7-8": {"max_dim": 2, "1": {"cov_matrix": 305.9138043636019, "mean": 660.1894793344069}, "2": {"cov_matrix": [[32203.445288188082, 870.7783683983267], [870.7783683983267, 123754.3284644362]], "mean": [527.0081743869209, 559.7057220708447]}}, "8-9": {"max_dim": 2, "1": {"cov_matrix": 333.01287199828676, "mean": 684.9354263289333}, "2": {"cov_matrix": [[30369.131176895156, -706.8329641934317], [-706.8329641934317, 139545.51310446652]], "mean": [505.0580431177446, 593.5555555555555]}}, "9-10": {"max_dim": 2, "1": {"cov_matrix": 3448.5484305631653, "mean": 796.9349622709307}, "2": {"cov_matrix": [[41243231.417727634, 303965.3387008588], [303965.3387008588, 45396.65425709035]], "mean": [1078.124641833811, 532.297994269341]}}, "10-11": {"max_dim": 2, "1": {"cov_matrix": 7149.648761088407, "mean": 1472.7837259100643}, "2": {"cov_matrix": [[58447846.03662599, 749369.0557713653], [749369.0557713653, 35839.0948945616]], "mean": [1375.1411764705883, 559.5058823529412]}}, "11-12": {"max_dim": 2, "1": {"cov_matrix": 2622.7824181164588, "mean": 813.1512695840087}, "2": {"cov_matrix": [[39218935.39285232, -17338.751668891862], [-17338.751668891862, 27714.746773475727]], "mean": [1056.2422360248447, 490.2857142857143]}}, "12-13": {"max_dim": 2, "1": {"cov_matrix": 1536.1151464317234, "mean": 724.4194248507868}, "2": {"cov_matrix": [[13709838.888286471, 8826.617418988777], [8826.617418988777, 28496.525679821792]], "mean": [677.2233009708738, 489.1715210355987]}}, "13-14": {"max_dim": 2, "1": {"cov_matrix": 3315.2883537222465, "mean": 847.5652400835073}, "2": {"cov_matrix": [[48911380.80142685, 413845.5670285196], [413845.5670285196, 28923.411500403025]], "mean": [1213.654970760234, 552.672514619883]}}, "14-15": {"max_dim": 2, "1": {"cov_matrix": 1414.359482645372, "mean": 690.5306976744187}, "2": {"cov_matrix": [[33866.313815832844, -12984.545237624416], [-12984.545237624416, 18175.13107903236]], "mean": [429.1820512820513, 527.0717948717949]}}, "15-16": {"max_dim": 2, "1": {"cov_matrix": 295.7753432531568, "mean": 734.5328653477983}, "2": {"cov_matrix": [[33596.377530012556, -17808.029678350853], [-17808.029678350853, 23511.513809791184]], "mean": [465.05839416058393, 514.1313868613139]}}, "16-17": {"max_dim": 2, "1": {"cov_matrix": 278.28755050749055, "mean": 741.5506072874493}, "2": {"cov_matrix": [[22536.815617475055, -9973.28878568971], [-9973.28878568971, 15146.102511179904]], "mean": [487.5424836601307, 524.8300653594771]}}, "17-18": {"max_dim": 2, "1": {"cov_matrix": 266.0208308781143, "mean": 729.5733333333334}, "2": {"cov_matrix": [[51497.409218232744, -24515.69773363891], [-24515.69773363891, 25924.572616925558]], "mean": [509.16883116883116, 519.2597402597403]}}, "18-19": {"max_dim": 2, "1": {"cov_matrix": 261.4727421682171, "mean": 722.630816170862}, "2": {"cov_matrix": [[30873.98541128941, -12745.463696554818], [-12745.463696554818, 16128.652676467285]], "mean": [467.2985074626866, 553.6417910447761]}}, "19-20": {"max_dim": 2, "1": {"cov_matrix": 237.01697378206654, "mean": 698.4705459770115}, "2": {"cov_matrix": [[17135.354800238518, -4553.229576624926], [-4553.229576624926, 16256.437924865835]], "mean": [471.38461538461536, 549.8923076923077]}}, "20-21": {"max_dim": 1, "1": {"cov_matrix": 228.80333628871904, "mean": 807.9107856191745}}, "21-22": {"max_dim": 1, "1": {"cov_matrix": 184.56998603424353, "mean": 901.0159574468086}}, "22-23": {"max_dim": 0}}, "SA": {"7-8": {"max_dim": 0}, "8-9": {"max_dim": 0}, "9-10": {"max_dim": 0}, "10-11": {"max_dim": 0}, "11-12": {"max_dim": 0}, "12-13": {"max_dim": 0}, "13-14": {"max_dim": 0}, "14-15": {"max_dim": 0}, "15-16": {"max_dim": 0}, "16-17": {"max_dim": 0}, "17-18": {"max_dim": 0}, "18-19": {"max_dim": 0}, "19-20": {"max_dim": 0}, "20-21": {"max_dim": 0}, "21-22": {"max_dim": 0}, "22-23": {"max_dim": 0}}, "FE": {"7-8": {"max_dim": 0}, "8-9": {"max_dim": 0}, "9-10": {"max_dim": 0}, "10-11": {"max_dim": 0}, "11-12": {"max_dim": 0}, "12-13": {"max_dim": 0}, "13-14": {"max_dim": 0}, "14-15": {"max_dim": 0}, "15-16": {"max_dim": 0}, "16-17": {"max_dim": 0}, "17-18": {"max_dim": 0}, "18-19": {"max_dim": 0}, "19-20": {"max_dim": 0}, "20-21": {"max_dim": 0}, "21-22": {"max_dim": 0}, "22-23": {"max_dim": 1, "1": {"cov_matrix": 699.0912969856432, "mean": 1576.3857142857144}}}}, "82": {"LA": {"7-8": {"max_dim": 4, "1": {"cov_matrix": 9973.166446376672, "mean": 2116.0713012477718}, "2": {"cov_matrix": [[155089110.38367692, -3020555.60687236], [-3020555.60687236, 102359735.23417936]], "mean": [2988.3296473401074, 2117.2982665869695]}, "3": {"cov_matrix": [[224740163.74615094, -10706187.185899045, -5840724.142769594], [-10706187.185899045, 202037939.88583535, -3293136.455296899], [-5840724.142769594, -3293136.455296899, 99412991.72693752]], "mean": [4108.141471301536, 3753.0501212611157, 1987.9797898140662]}, "4": {"cov_matrix": [[353113794.0663131, -19176556.09381079, -25793855.76564987, -13751038.26034483], [-19176556.09381079, 213320758.79596233, -12772018.641511932, -6875639.492042443], [-25793855.76564987, -12772018.641511932, 256376277.56710878, -7215434.909681698], [-13751038.26034483, -6875639.492042443, -7215434.909681698, 141075925.14933687]], "mean": [6379.494252873563, 3930.4061302681994, 4583.620689655172, 2535.206896551724]}}, "8-9": {"max_dim": 7, "1": {"cov_matrix": 15821.775757096006, "mean": 4560.035873771956}, "2": {"cov_matrix": [[332721674.7135745, -11975067.728291666], [-11975067.728291666, 222558109.0803689]], "mean": [6004.5100903110715, 4047.8267365369607]}, "3": {"cov_matrix": [[401136241.3573643, -22635950.450727247, -15521678.481330525], [-22635950.450727247, 303239329.28157, -10936466.741745349], [-15521678.481330525, -10936466.741745349, 257134382.01972228]], "mean": [7267.5727499110635, 5464.726254002135, 4632.7483102098895]}, "4": {"cov_matrix": [[449621076.42481804, -29664914.306203127, -29062630.17178089, -20785605.54603786], [-29664914.306203127, 344944413.0746807, -20225646.42776223, -2384831.2349948147], [-29062630.17178089, -20225646.42776223, 368985737.4379153, -16556678.330000034], [-20785605.54603786, -2384831.2349948147, -16556678.330000034, 275908600.18004173]], "mean": [8209.35667802913, 6199.125813449024, 6684.413696932135, 4954.130771614503]}, "5": {"cov_matrix": [[505978885.5846552, -35711315.668732, -42758927.18068534, -36581157.20220228, -13552532.676005976], [-35711315.668732, 341724884.9792669, -16865852.883076016, -1440218.7914646864, -8784740.737069981], [-42758927.18068534, -16865852.883076016, 384480316.16460204, -25752940.91202073, -5303903.565421271], [-36581157.20220228, -1440218.7914646864, -25752940.91202073, 398022464.4213614, -25602032.37907543], [-13552532.676005976, -8784740.737069981, -5303903.565421271, -25602032.37907543, 264631499.0724967]], "mean": [9355.794606999427, 6117.815834767642, 6954.36660929432, 7258.932300631096, 4751.361445783133]}, "6": {"cov_matrix": [[623539065.6755803, -52027579.94414127, -64728436.68295248, -56903121.14500478, -31574393.202273544, 6646267.603476797], [-52027579.94414127, 332262519.74474865, -13273049.083339902, -2291643.5782691636, -11374061.106127895, -9317932.170263298], [-64728436.68295248, -13273049.083339902, 330096646.04335016, -15957597.122208534, 5194123.270562063, -9135108.775508061], [-56903121.14500478, -2291643.5782691636, -15957597.122208534, 408746389.4382744, -50320196.89246857, -4329304.138126664], [-31574393.202273544, -11374061.106127895, 5194123.270562063, -50320196.89246857, 438592412.36454904, -21493275.768538024], [6646267.603476797, -9317932.170263298, -9135108.775508061, -4329304.138126664, -21493275.768538024, 218511162.66161397]], "mean": [11961.396927016645, 5909.820742637644, 5896.457106274008, 7440.706786171575, 8098.3444302176695, 3911.629961587708]}, "7": {"cov_matrix": [[680698300.101515, -47968919.906724855, -49962229.18792029, -8347672.439020338, -103049956.6196139, 22290768.653694473, -12181919.191427972], [-47968919.906724855, 399220759.5740143, -24793508.54620178, -33957827.733250305, 2050429.2224574368, -9750900.300747197, -25829227.31137402], [-49962229.18792029, -24793508.54620178, 237042045.48601082, 798909.9395599787, -11822087.997882945, -8207386.761519301, -14897621.35487755], [-8347672.439020338, -33957827.733250305, 798909.9395599787, 297665420.5517641, -35893798.737733506, 22300852.777501043, -19201851.49032793], [-103049956.6196139, 2050429.2224574368, -11822087.997882945, -35893798.737733506, 449181842.98669577, -50105914.77843502, 6864076.332274806], [22290768.653694473, -9750900.300747197, -8207386.761519301, 22300852.777501043, -50105914.77843502, 406602444.0995225, -22064710.500518903], [-12181919.191427972, -25829227.31137402, -14897621.35487755, -19201851.49032793, 6864076.332274806, -22064710.500518903, 235812360.24364877]], "mean": [13304.940909090908, 7099.263636363637, 4138.372727272727, 5311.527272727273, 8246.177272727273, 7403.704545454545, 4106.313636363637]}}, "9-10": {"max_dim": 7, "1": {"cov_matrix": 16655.66583196515, "mean": 5057.044434919274}, "2": {"cov_matrix": [[392862962.754637, -12250956.283038726], [-12250956.283038726, 259565038.18396157]], "mean": [7143.160375300022, 4713.351734671613]}, "3": {"cov_matrix": [[467269508.55378944, -28978039.361653466, -2708230.6933983294], [-28978039.361653466, 387315848.2350792, -15003497.78596201], [-2708230.6933983294, -15003497.78596201, 266560730.7569418]], "mean": [8580.940980151063, 7048.313894256104, 4837.316002107852]}, "4": {"cov_matrix": [[521502263.44165444, -39145073.398763165, -16002160.234069701, -1680689.7915994907], [-39145073.398763165, 467022544.7738477, -40081908.70874439, -1103092.8885148517], [-16002160.234069701, -40081908.70874439, 444441042.59563035, -13734540.532154981], [-1680689.7915994907, -1103092.8885148517, -13734540.532154981, 268588577.3623149]], "mean": [9696.624642743729, 8593.949825341379, 8207.132105430295, 4862.373134328358]}, "5": {"cov_matrix": [[600707496.3614483, -70329111.67684823, -52391604.6955389, -19471532.583713774, 2250023.108556806], [-70329111.67684823, 468560120.3884358, -46849770.9440814, -8034981.961557955, -9054601.40064507], [-52391604.6955389, -46849770.9440814, 531692362.03166634, -46030826.9821723, 5302472.9515973795], [-19471532.583713774, -8034981.961557955, -46030826.9821723, 497073120.1342884, 2017861.6507940986], [2250023.108556806, -9054601.40064507, 5302472.9515973795, 2017861.6507940986, 209955853.73054063]], "mean": [11461.481627296587, 8596.612860892388, 9990.042650918635, 9324.982283464567, 3815.672572178478]}, "6": {"cov_matrix": [[660441366.0579299, -68271672.83311366, -63095846.33540449, 22064997.70465384, 4077494.15682858, -26528957.06547732], [-68271672.83311366, 514103227.8883012, -74119540.68994854, -35367566.01255256, -33427465.586741365, 8846088.756536752], [-63095846.33540449, -74119540.68994854, 512600272.83278733, -46849309.89380528, 4166622.9011297277, 2419192.07124523], [22064997.70465384, -35367566.01255256, -46849309.89380528, 629254494.0010358, -20575388.90514972, -2819516.9129479737], [4077494.15682858, -33427465.586741365, 4166622.9011297277, -20575388.90514972, 474557916.24366415, -5942801.238978848], [-26528957.06547732, 8846088.756536752, 2419192.07124523, -2819516.9129479737, -5942801.238978848, 135848002.12491053]], "mean": [12868.858407079646, 9531.826548672567, 9530.835398230089, 12240.805309734513, 8829.36814159292, 2522.7008849557524]}, "7": {"cov_matrix": [[634963417.8606327, -3511606.284398692, -113812258.54249975, 150442551.71328673, 11131990.358317748, -78700318.69447453, -22287447.84571063], [-3511606.284398692, 575257033.391116, -97673671.39274107, -46970234.3851571, 22828065.340736747, 46501586.672264345, -18879624.34507042], [-113812258.54249975, -97673671.39274107, 532626138.3721072, -66059393.04141632, -85889104.64187926, 22773488.01245935, 11621949.13508323], [150442551.71328673, -46970234.3851571, -66059393.04141632, 421449441.1748252, 112476590.37186055, -46681533.50920909, -12991372.176696546], [11131990.358317748, 22828065.340736747, -85889104.64187926, 112476590.37186055, 510270830.9669067, -29875217.242145173, -15527586.649167733], [-78700318.69447453, 46501586.672264345, 22773488.01245935, -46681533.50920909, -29875217.242145173, 393430378.48970747, 21098937.239436623], [-22287447.84571063, -18879624.34507042, 11621949.13508323, -12991372.176696546, -15527586.649167733, 21098937.239436623, 115927395.69910368]], "mean": [12143.657342657343, 10798.461538461539, 9878.223776223776, 7612.965034965035, 9329.160839160839, 7037.538461538462, 2131.181818181818]}}, "10-11": {"max_dim": 5, "1": {"cov_matrix": 10949.643916005263, "mean": 2441.919225104792}, "2": {"cov_matrix": [[222982228.91094765, -3582651.5205712733], [-3582651.5205712733, 81781154.62481672]], "mean": [4082.09850154253, 1774.4806081974439]}, "3": {"cov_matrix": [[337737974.4897502, -15692446.441088775, 2190776.263597268], [-15692446.441088775, 184983110.31440628, -2545525.214163876], [2190776.263597268, -2545525.214163876, 91361811.30101128]], "mean": [6071.166240409208, 3433.135038363171, 1912.4828644501279]}, "4": {"cov_matrix": [[469136189.22735715, -41777988.768000625, -4652995.957002861, -9251687.064380687], [-41777988.768000625, 314557040.78327596, -21565336.328867294, 20838225.75068729], [-4652995.957002861, -21565336.328867294, 277641622.0884733, -2046620.1203614569], [-9251687.064380687, 20838225.75068729, -2046620.1203614569, 72971748.30072579]], "mean": [8625.859477124182, 5663.473856209151, 5058.410130718954, 1575.6356209150326]}, "5": {"cov_matrix": [[722833349.4830232, -42795620.505987585, -73188356.03004366, -60586665.90881234, -525342.5114468868], [-42795620.505987585, 190242643.69547755, -28351156.63856015, 86197246.27159056, 564933.3397435899], [-73188356.03004366, -28351156.63856015, 562292411.4867568, -36452475.339180045, -628525.1868131869], [-60586665.90881234, 86197246.27159056, -36452475.339180045, 252317950.72696525, 3651803.9395604385], [-525342.5114468868, 564933.3397435899, -628525.1868131869, 3651803.9395604385, 88390.00000000001]], "mean": [14518.92899408284, 3471.0828402366865, 10692.662721893492, 4625.526627218935, 380.9230769230769]}}, "11-12": {"max_dim": 3, "1": {"cov_matrix": 5836.924075504889, "mean": 1090.7445200302343}, "2": {"cov_matrix": [[77045806.38670273, -107837.73703324933], [-107837.73703324933, 22853253.118202917]], "mean": [1667.5484530064216, 859.6436077057793]}, "3": {"cov_matrix": [[155820200.73735157, -2666415.6322851507, 95357.85106307532], [-2666415.6322851507, 73671391.20211706, 937313.184352844], [95357.85106307532, 937313.184352844, 34666.54424938351]], "mean": [2880.176056338028, 1616.3420523138832, 498.6851106639839]}}, "12-13": {"max_dim": 4, "1": {"cov_matrix": 7709.092683985124, "mean": 1463.731348768835}, "2": {"cov_matrix": [[113236078.3866126, -978823.9879764649], [-978823.9879764649, 40503385.0140445]], "mean": [2220.4092071611253, 1095.1]}, "3": {"cov_matrix": [[198270257.28631172, -4418434.727048259, -943832.4791287984], [-4418434.727048259, 90909743.03341004, -298441.4744048675], [-943832.4791287984, -298441.4744048675, 24404078.093565546]], "mean": [3589.4532467532467, 1846.4454545454546, 835.8558441558441]}, "4": {"cov_matrix": [[385199488.19303745, -29071487.537199948, -11127713.624104561, 35626267.6106573], [-29071487.537199948, 270208184.7896611, -7597061.317707681, -1904643.002283104], [-11127713.624104561, -7597061.317707681, 111886528.51087087, -162726.60129445742], [35626267.6106573, -1904643.002283104, -162726.60129445742, 38487470.02454865]], "mean": [6820.835616438356, 4794.552511415525, 2190.109589041096, 1044.0867579908677]}}, "13-14": {"max_dim": 4, "1": {"cov_matrix": 9588.176420189642, "mean": 1938.4625904271134}, "2": {"cov_matrix": [[162814421.93736735, 1726885.623556012], [1726885.623556012, 62562683.97812434]], "mean": [3013.4314118934694, 1418.614921561474]}, "3": {"cov_matrix": [[219175521.62522194, -320124.53208569856, 1468988.7377140848], [-320124.53208569856, 122074473.18268067, 1277643.6508900216], [1468988.7377140848, 1277643.6508900216, 31690756.953371264]], "mean": [3911.15533625731, 2346.7982456140353, 908.7467105263158]}, "4": {"cov_matrix": [[331742024.18189526, -7959002.682516352, 1416456.004487849, 9815566.707096798], [-7959002.682516352, 262743925.63378528, -820355.454094371, -599073.9078632153], [1416456.004487849, -820355.454094371, 106926722.0599728, 698143.3307164754], [9815566.707096798, -599073.9078632153, 698143.3307164754, 10404820.471987294]], "mean": [5857.347989949749, 4681.937185929648, 2103.9798994974876, 578.2449748743719]}}, "14-15": {"max_dim": 4, "1": {"cov_matrix": 9084.92119589592, "mean": 1797.6962890625}, "2": {"cov_matrix": [[148109655.56973615, 3186926.301287757], [3186926.301287757, 43316737.44255705]], "mean": [2767.2079967689824, 1105.2304119547657]}, "3": {"cov_matrix": [[236312671.80334726, 4136165.6740961927, 2128486.6419711667], [4136165.6740961927, 77289626.6562332, -91109.39096827937], [2128486.6419711667, -91109.39096827937, 46863978.49349206]], "mean": [4225.685579196217, 1620.1142631993696, 1145.485815602837]}, "4": {"cov_matrix": [[428865761.6870363, 11070355.106998293, 72527.22491220254, -236261.46479890047], [11070355.106998293, 132390894.63851883, -3336953.689197242, -38893.42931407351], [72527.22491220254, -3336953.689197242, 130716682.92855433, 1568251.0662723912], [-236261.46479890047, -38893.42931407351, 1568251.0662723912, 5353032.782037541]], "mean": [7733.215809284818, 2498.859473023839, 2490.0928481806777, 507.3952321204517]}}, "15-16": {"max_dim": 4, "1": {"cov_matrix": 8874.5144815018, "mean": 1763.2703201159268}, "2": {"cov_matrix": [[136445731.6477131, 237882.5005308954], [237882.5005308954, 39357575.29727071]], "mean": [2599.635675675676, 1072.1464864864865]}, "3": {"cov_matrix": [[285260465.0723197, -1473835.0515636657, 4222867.909574934], [-1473835.0515636657, 62845200.39774593, 233461.50286129233], [4222867.909574934, 233461.50286129233, 16424115.5517208]], "mean": [5095.859788359789, 1416.5853174603174, 682.5866402116402]}, "4": {"cov_matrix": [[623172784.9565408, -33488182.947332438, 26626329.707917232, 796604.9720524015], [-33488182.947332438, 274673167.37072355, -2355324.7369660134, -479925.3737991269], [26626329.707917232, -2355324.7369660134, 52968628.71494209, 895566.6401746725], [796604.9720524015, -479925.3737991269, 895566.6401746725, 36206.553711790424]], "mean": [11901.160869565218, 4920.295652173913, 1211.8347826086956, 411.2]}}, "16-17": {"max_dim": 3, "1": {"cov_matrix": 7378.666187582581, "mean": 1412.2037529319782}, "2": {"cov_matrix": [[97031726.60112718, -377617.1421280371], [-377617.1421280371, 30309202.41992012]], "mean": [1988.8585823488534, 958.6660875608061]}, "3": {"cov_matrix": [[173352881.46581474, -2677266.127025545, 232700.14457920447], [-2677266.127025545, 69419428.66036649, 668291.419196286], [232700.14457920447, 668291.419196286, 26702.717436329087]], "mean": [3187.5169300225734, 1554.3611738148984, 466.70316027088035]}}, "17-18": {"max_dim": 3, "1": {"cov_matrix": 6267.178163791806, "mean": 1170.1106145251397}, "2": {"cov_matrix": [[84785874.08863467, -169279.33397738403], [-169279.33397738403, 21802749.636318546]], "mean": [1780.9575799721836, 818.2607788595271]}, "3": {"cov_matrix": [[176315359.5147863, -2352855.1917123008, -614610.2155519611], [-2352855.1917123008, 65885105.98029835, 186354.3341546125], [-614610.2155519611, 186354.3341546125, 13474636.725150099]], "mean": [3212.4904458598726, 1486.6220806794056, 684.296178343949]}}, "18-19": {"max_dim": 3, "1": {"cov_matrix": 5997.428898307045, "mean": 1124.779468815279}, "2": {"cov_matrix": [[65802344.34428783, -321225.40469445556], [-321225.40469445556, 38519032.93884475]], "mean": [1487.5580623755807, 1093.619110816191]}, "3": {"cov_matrix": [[92142002.16222927, -1748582.9952880088, -848373.1821635525], [-1748582.9952880088, 81921665.17231718, -361111.3009047415], [-848373.1821635525, -361111.3009047415, 50937964.8923426]], "mean": [1842.2525027808676, 1763.452725250278, 1274.1479421579534]}}, "19-20": {"max_dim": 3, "1": {"cov_matrix": 5760.860157524989, "mean": 1083.0311875864188}, "2": {"cov_matrix": [[58994259.07262155, 182910.3502979984], [182910.3502979984, 7260423.753041913]], "mean": [1381.585883171071, 605.6331710709319]}, "3": {"cov_matrix": [[127038372.71109445, 113574.88468783867, -136404.03635908975], [113574.88468783867, 5369409.389190632, 66536.00433108278], [-136404.03635908975, 66536.00433108278, 21759.469507376856]], "mean": [2393.858064516129, 558.9522580645162, 472.19870967741934]}}, "20-21": {"max_dim": 3, "1": {"cov_matrix": 4597.727500340385, "mean": 878.3740424916896}, "2": {"cov_matrix": [[44866539.53364585, 60955.90614075654], [60955.90614075654, 10512428.91243576]], "mean": [1136.0022215169788, 628.5223738495715]}, "3": {"cov_matrix": [[89417743.29002728, -397837.29988911503, -62673.636527751216], [-397837.29988911503, 28243155.666457076, 360287.3885237795], [-62673.636527751216, 360287.3885237795, 27184.399766832226]], "mean": [1797.433202357564, 885.8457760314342, 453.13457760314344]}}, "21-22": {"max_dim": 3, "1": {"cov_matrix": 3942.0027886515963, "mean": 865.3475218658892}, "2": {"cov_matrix": [[41394297.29436397, 32185.668575416446], [32185.668575416446, 24737.036641765222]], "mean": [1140.8376963350786, 566.629435718441]}, "3": {"cov_matrix": [[318766396.1112204, 342656.5901719901, 1396798.3954954967], [342656.5901719901, 31480.775429975427, -6215.04004914005], [1396798.3954954967, -6215.04004914005, 20134.835053235063]], "mean": [5618.792792792793, 480.64864864864865, 495.6306306306306]}}, "22-23": {"max_dim": 2, "1": {"cov_matrix": 2033.9081584989565, "mean": 812.578003875969}, "2": {"cov_matrix": [[29539682.790209793, 115792.23736826553], [115792.23736826553, 32755.752191470503]], "mean": [970.6573426573426, 672.2797202797203]}}}, "SA": {"7-8": {"max_dim": 0}, "8-9": {"max_dim": 0}, "9-10": {"max_dim": 1, "1": {"cov_matrix": 262.797279426064, "mean": 869.8976377952756}}, "10-11": {"max_dim": 0}, "11-12": {"max_dim": 1, "1": {"cov_matrix": 159.96440305817973, "mean": 973.3148148148148}}, "12-13": {"max_dim": 1, "1": {"cov_matrix": 170.08488359242324, "mean": 975.3409090909091}}, "13-14": {"max_dim": 1, "1": {"cov_matrix": 146.0580644783614, "mean": 985.2384615384616}}, "14-15": {"max_dim": 1, "1": {"cov_matrix": 197.92094024873384, "mean": 959.6060606060606}}, "15-16": {"max_dim": 1, "1": {"cov_matrix": 212.82956515831228, "mean": 875.7197802197802}}, "16-17": {"max_dim": 1, "1": {"cov_matrix": 250.34852046566286, "mean": 880.1111111111111}}, "17-18": {"max_dim": 1, "1": {"cov_matrix": 237.89853571464144, "mean": 877.4430379746835}}, "18-19": {"max_dim": 1, "1": {"cov_matrix": 4451.029937014713, "mean": 1175.6745283018868}}, "19-20": {"max_dim": 1, "1": {"cov_matrix": 206.0061657404091, "mean": 891.7267759562842}}, "20-21": {"max_dim": 1, "1": {"cov_matrix": 187.80071909546223, "mean": 1013.5182926829268}}, "21-22": {"max_dim": 0}, "22-23": {"max_dim": 0}}, "FE": {"7-8": {"max_dim": 0}, "8-9": {"max_dim": 0}, "9-10": {"max_dim": 0}, "10-11": {"max_dim": 0}, "11-12": {"max_dim": 0}, "12-13": {"max_dim": 0}, "13-14": {"max_dim": 0}, "14-15": {"max_dim": 0}, "15-16"