{"1": {"LA": {"7-11": {"max_dim": 3, "1": {"cov_matrix": 309.42010878746373, "mean": 885.5761763162498}, "2": {"cov_matrix": [[92810.79224759837, -21908.82573371043], [-21908.82573371043, 69198.44443467808]], "mean": [770.1043910521955, 911.9146644573323]}, "3": {"cov_matrix": [[94603.0317515099, -11559.360623382225, -36955.93743528903], [-11559.360623382225, 60031.57221742881, -27140.402750215704], [-36955.93743528903, -27140.402750215704, 100044.04393874027]], "mean": [503.85573770491806, 815.5311475409836, 789.0459016393443]}}, "11-15": {"max_dim": 3, "1": {"cov_matrix": 322.9251676149798, "mean": 940.0899496671537}, "2": {"cov_matrix": [[110871.45717058129, -34029.19670788259], [-34029.19670788259, 87916.73255189993]], "mean": [832.3786372007366, 990.8850828729281]}, "3": {"cov_matrix": [[114764.23890314362, -41090.89031436, -55292.780654902155], [-41090.89031436, 91245.93676144593, -38274.3516695467], [-55292.780654902155, -38274.3516695467, 126153.8282103646]], "mean": [565.4985250737464, 897.1474926253687, 894.2772861356932]}}, "15-19": {"max_dim": 3, "1": {"cov_matrix": 330.98337491083004, "mean": 926.3349761526232}, "2": {"cov_matrix": [[115862.12245236129, -37807.78299808972], [-37807.78299808972, 89413.12768792742]], "mean": [828.4034289713086, 986.349545136459]}, "3": {"cov_matrix": [[97153.97834542063, -22408.68877173265, -34682.77092978652], [-22408.68877173265, 91788.18731322652, -53185.15764355354], [-34682.77092978652, -53185.15764355354, 113588.14203263127]], "mean": [559.1540084388186, 906.2573839662447, 939.4472573839662]}}, "19-23": {"max_dim": 2, "1": {"cov_matrix": 388.01440041650284, "mean": 999.2619855748833}, "2": {"cov_matrix": [[137010.57606657819, -69428.02358521394], [-69428.02358521394, 129900.16291177372]], "mean": [764.4614285714285, 1034.027857142857]}}}, "SA": {"7-11": {"max_dim": 0}, "11-15": {"max_dim": 1, "1": {"cov_matrix": 485.5621979214695, "mean": 1071.0042735042734}}, "15-19": {"max_dim": 1, "1": {"cov_matrix": 398.8780573564928, "mean": 1258.4905660377358}}, "19-23": {"max_dim": 2, "1": {"cov_matrix": 442.8191640873587, "mean": 1146.6373831775702}, "2": {"cov_matrix": [[230444.44435261708, -101401.92995867765], [-101401.92995867765, 124701.53223140496]], "mean": [857.1487603305785, 1197.0330578512396]}}}, "FE": {"7-11": {"max_dim": 0}, "11-15": {"max_dim": 0}, "15-19": {"max_dim": 1, "1": {"cov_matrix": 575.0911193159834, "mean": 1250.3869047619048}}, "19-23": {"max_dim": 1, "1": {"cov_matrix": 303.8365757944459, "mean": 1438.076923076923}}}}, "44": {"LA": {"7-11": {"max_dim": 2, "1": {"cov_matrix": 274.37751965078957, "mean": 757.3789655172413}, "2": {"cov_matrix": [[53759.66073666137, -20676.913335550642], [-20676.913335550642, 85972.7530049657]], "mean": [576.5559921414539, 576.3850687622789]}}, "11-15": {"max_dim": 2, "1": {"cov_matrix": 237.78377156287252, "mean": 839.9851541682527}, "2": {"cov_matrix": [[77100.50115354257, -47779.36883006497], [-47779.36883006497, 74856.78258757821]], "mean": [587.434065934066, 679.1868131868132]}}, "15-19": {"max_dim": 1, "1": {"cov_matrix": 248.04052956899676, "mean": 902.8817635270541}}, "19-23": {"max_dim": 1, "1": {"cov_matrix": 206.19472840558856, "mean": 907.8545688545688}}}, "SA": {"7-11": {"max_dim": 0}, "11-15": {"max_dim": 0}, "15-19": {"max_dim": 0}, "19-23": {"max_dim": 0}}, "FE": {"7-11": {"max_dim": 0}, "11-15": {"max_dim": 0}, "15-19": {"max_dim": 0}, "19-23": {"max_dim": 0}}}, "82": {"LA": {"7-11": {"max_dim": 3, "1": {"cov_matrix": 408.7799704285013, "mean": 798.2110633727175}, "2": {"cov_matrix": [[146381.3817360464, -30595.064626551226], [-30595.064626551226, 106530.41163176214]], "mean": [617.731925264013, 630.1015434606012]}, "3": {"cov_matrix": [[89469.8725474808, -7936.6912964997655, -4529.423402919477], [-7936.6912964997655, 108315.94843823578, -27284.94209438603], [-4529.423402919477, -27284.94209438603, 81901.80371998115]], "mean": [382.02527075812276, 508.971119133574, 569.1227436823104]}}, "11-15": {"max_dim": 3, "1": {"cov_matrix": 313.23324156449706, "mean": 833.8197763091001}, "2": {"cov_matrix": [[81112.80676587997, -22538.388132452787], [-22538.388132452787, 61201.96911534547]], "mean": [609.1465594280608, 725.1215370866845]}, "3": {"cov_matrix": [[63086.98244779279, -470.03679619349737, -25345.11237113403], [-470.03679619349737, 55351.47248215698, -30305.996907216482], [-25345.11237113403, -30305.996907216482, 66946.85979381447]], "mean": [332.8051282051282, 672.3384615384615, 627.4]}}, "15-19": {"max_dim": 2, "1": {"cov_matrix": 252.26740648720556, "mean": 934.9500156201187}, "2": {"cov_matrix": [[82263.00218999486, -40012.889731194606], [-40012.889731194606, 66926.54087013843]], "mean": [669.0567567567567, 812.8243243243244]}}, "19-23": {"max_dim": 2, "1": {"cov_matrix": 303.6599099764902, "mean": 1005.8852779953015}, "2": {"cov_matrix": [[64394.06909380812, -32138.61965187349], [-32138.61965187349, 72266.59053060504]], "mean": [641.3239436619718, 794.1502347417841]}}}, "SA": {"7-11": {"max_dim": 1, "1": {"cov_matrix": 203.9917256351766, "mean": 1289.4705882352941}}, "11-15": {"max_dim": 0}, "15-19": {"max_dim": 1, "1": {"cov_matrix": 217.33956793590636, "mean": 1109.3270142180095}}, "19-23": {"max_dim": 1, "1": {"cov_matrix": 366.98410982500775, "mean": 1207.1727272727273}}}, "FE": {"7-11": {"max_dim": 0}, "11-15": {"max_dim": 0}, "15-19": {"max_dim": 0}, "19-23": {"max_dim": 0}}}, "132": {"LA": {"7-11": {"max_dim": 7, "1": {"cov_matrix": 234.43482622650973, "mean": 462.14046549612084}, "2": {"cov_matrix": [[51700.276069689666, -11584.449821326465], [-11584.449821326465, 46104.46883444071]], "mean": [457.82669747600426, 463.86464628510487]}, "3": {"cov_matrix": [[51270.831431576924, -13696.035106064137, 2020.045681838401], [-13696.035106064137, 44688.06532125604, -12638.018806833918], [2020.045681838401, -12638.018806833918, 38900.53221075694]], "mean": [440.0128351760071, 464.08133180836194, 451.9858940144872]}, "4": {"cov_matrix": [[49529.12693740673, -11836.414594473517, 905.8371310133352, -1561.069667458507], [-11836.414594473517, 45868.056363094736, -14633.874907081545, 2093.733983931541], [905.8371310133352, -14633.874907081545, 36133.02070421984, -10933.327778190902], [-1561.069667458507, 2093.733983931541, -10933.327778190902, 39340.39981792627]], "mean": [403.9227340267459, 449.54192315856506, 458.12056888134157, 439.7743578857992]}, "5": {"cov_matrix": [[42973.018065466924, -9619.498436623595, -1567.867504517824, -2133.2620007912874, -8988.984728585414], [-9619.498436623595, 43069.99567319236, -10550.286796577833, 1097.3162982901765, -3666.8556074979883], [-1567.867504517824, -10550.286796577833, 35723.45564900658, -11789.395836796433, 1468.0757422210277], [-2133.2620007912874, 1097.3162982901765, -11789.395836796433, 33687.518784333275, -8709.669909099128], [-8988.984728585414, -3666.8556074979883, 1468.0757422210277, -8709.669909099128, 48066.912311911234]], "mean": [339.152784622967, 403.7220305569246, 448.53967471660917, 449.30754066042385, 405.1291276490882]}, "6": {"cov_matrix": [[43129.19035855841, -4896.110237502689, -6927.644498724921, 114.30560727563132, -7523.839588902206, -13300.78939994469], [-4896.110237502689, 43269.462789197176, -10480.277011706152, -797.0032015239494, -6746.4464374596755, -11552.485648446862], [-6927.644498724921, -10480.277011706152, 35297.36966233445, -6357.187577964173, 27.246428242233875, -2415.0012228469623], [114.30560727563132, -797.0032015239494, -6357.187577964173, 24373.693311211482, -8586.659547730973, -1105.0759947153347], [-7523.839588902206, -6746.4464374596755, 27.246428242233875, -8586.659547730973, 32663.939447568122, -2244.718649952374], [-13300.78939994469, -11552.485648446862, -2415.0012228469623, -1105.0759947153347, -2244.718649952374, 53481.0280763204]], "mean": [294.784588441331, 346.70052539404554, 396.32224168126095, 439.7495621716287, 428.23117338003505, 336.7320490367776]}, "7": {"cov_matrix": [[21789.132276897428, 2866.289074228525, -8513.94845704754, 3050.5739783152635, -370.62718932443704, -15490.3778148457, -2862.8758965804836], [2866.289074228525, 37678.22985821517, -7595.085237698082, -3326.7487906588813, -861.3319432860721, -12918.56964136781, -2514.8700583819846], [-8513.94845704754, -7595.085237698082, 31811.465304420344, -9120.20675562969, 856.4507923269396, -679.432860717264, 184.56538782318611], [3050.5739783152635, -3326.7487906588813, -9120.20675562969, 23784.43277731444, -7323.933694745625, -3333.2994161801507, 1352.464637197664], [-370.62718932443704, -861.3319432860721, 856.4507923269396, -7323.933694745625, 14332.245621351121, -648.9941618015021, 1505.843619683069], [-15490.3778148457, -12918.56964136781, -679.432860717264, -3333.2994161801507, -648.9941618015021, 38059.080900750625, -2247.9841534612196], [-2862.8758965804836, -2514.8700583819846, 184.56538782318611, 1352.464637197664, 1505.843619683069, -2247.9841534612196, 29633.238448707263]], "mean": [180.92727272727274, 328.56363636363636, 402.8272727272727, 380.44545454545454, 469.95454545454544, 368.72727272727275, 235.1909090909091]}}, "11-15": {"max_dim": 6, "1": {"cov_matrix": 225.5616111946129, "mean": 455.2642890104819}, "2": {"cov_matrix": [[53430.39676858276, -18668.69416994667], [-18668.69416994667, 45645.590779814025]], "mean": [455.4466831725433, 466.99180397848545]}, "3": {"cov_matrix": [[56369.37948491905, -19933.57137475203, -248.14766288270232], [-19933.57137475203, 46985.74817018659, -16514.749253775044], [-248.14766288270232, -16514.749253775044, 40747.172064218714]], "mean": [441.9339953978442, 472.1591377013443, 464.3484316337653]}, "4": {"cov_matrix": [[55014.18376837859, -19329.009944715395, -2425.0164416479342, 312.6651904688245], [-19329.009944715395, 51152.44916447296, -18520.36324222856, 613.87262346436], [-2425.0164416479342, -18520.36324222856, 40797.775513881534, -14171.398538311018], [312.6651904688245, 613.87262346436, -14171.398538311018, 38699.586768990164]], "mean": [411.4298949969117, 462.467572575664, 472.508544368952, 448.4410129709697]}, "5": {"cov_matrix": [[48552.94811457717, -13896.972684718261, -4610.737032839926, -189.9047642642086, -11963.86668632619], [-13896.972684718261, 48293.2667394975, -17337.14606439266, -2686.3062037248656, -2263.2963987377416], [-4610.737032839926, -17337.14606439266, 44633.51296063355, -15565.521914507184, -1496.8836800921492], [-189.9047642642086, -2686.3062037248656, -15565.521914507184, 35143.82381764487, -10674.398287010921], [-11963.86668632619, -2263.2963987377416, -1496.8836800921492, -10674.398287010921, 43729.343990233094]], "mean": [361.83230134158924, 429.53818369453046, 463.85036119711043, 457.0691434468524, 417.19762641898865]}, "6": {"cov_matrix": [[41651.09353238502, -9488.158881429667, 3494.4859083298143, -3252.5923509068416, -12745.9628968906, -8482.448054081968], [-9488.158881429667, 38533.98955448101, -7973.091498051742, -3462.814664413247, -3774.370256482482, -9826.891867361472], [3494.4859083298143, -7973.091498051742, 41659.5108210882, -11191.253118006976, -11273.702815204295, 3378.9093939251684], [-3252.5923509068416, -3462.814664413247, -11191.253118006976, 37656.72510680249, -16444.584299641647, -2473.438805689872], [-12745.9628968906, -3774.370256482482, -11273.702815204295, -16444.584299641647, 37814.05249362314, -1661.535655603024], [-8482.448054081968, -9826.891867361472, 3378.9093939251684, -2473.438805689872, -1661.535655603024, 46362.6044160681]], "mean": [309.0670391061453, 415.4050279329609, 405.4804469273743, 474.0195530726257, 436.6564245810056, 315.66480446927375]}}, "15-19": {"max_dim": 6, "1": {"cov_matrix": 186.10806764433656, "mean": 445.2917660713134}, "2": {"cov_matrix": [[36324.48800467479, -11692.793986457207], [-11692.793986457207, 30032.09003691215]], "mean": [441.8923919356177, 457.9713764208081]}, "3": {"cov_matrix": [[40575.322334403, -13429.157736664822, 1122.2806426981083], [-13429.157736664822, 30636.25061703663, -11196.063107128559], [1122.2806426981083, -11196.063107128559, 26685.509856554523]], "mean": [431.56594556873694, 458.3501977204001, 459.9599906955106]}, "4": {"cov_matrix": [[43474.99898751427, -13663.011533555851, 331.5691370479182, -1791.2567304675765], [-13663.011533555851, 34782.85947397946, -13656.371182789077, 1901.7368775278894], [331.5691370479182, -13656.371182789077, 25839.647004003564, -8950.89517431006], [-1791.2567304675765, 1901.7368775278894, -8950.89517431006, 24835.72102964995]], "mean": [404.76137023417846, 452.0822527578866, 463.24830656086704, 449.5748016257016]}, "5": {"cov_matrix": [[45812.80897078718, -14538.264952652555, -1914.9974260538918, -702.3948374830887, -10755.802625132537], [-14538.264952652555, 37988.48892301318, -14601.998758850992, 1402.2192963084838, -1879.0000901856117], [-1914.9974260538918, -14601.998758850992, 29958.536909558457, -11095.512176276312, 3113.1760496264606], [-702.3948374830887, 1402.2192963084838, -11095.512176276312, 20644.526340048502, -6772.250186099225], [-10755.802625132537, -1879.0000901856117, 3113.1760496264606, -6772.250186099225, 30214.911949106063]], "mean": [356.23494570582426, 425.91707798617966, 462.38400789733464, 451.80997038499504, 427.21915103652515]}, "6": {"cov_matrix": [[36241.42765689418, -8742.796152084287, -1184.460329821346, 1925.5285043518081, -6827.179970224465, -12395.46691479616], [-8742.796152084287, 48428.04928996794, -19668.26843792946, 1399.7496106275776, -3333.3961520842868, -10453.133760879524], [-1184.460329821346, -19668.26843792946, 31112.40073293632, -6859.772194228124, 5485.285432890517, -2713.253183692167], [1925.5285043518081, 1399.7496106275776, -6859.772194228124, 16103.32935180943, -9339.338444800731, -2180.598270728355], [-6827.179970224465, -3333.3961520842868, 5485.285432890517, -9339.338444800731, 22079.031046724685, -678.5236944571689], [-12395.46691479616, -10453.133760879524, -2713.253183692167, -2180.598270728355, -678.5236944571689, 47256.44378149335]], "mean": [288.40202702702703, 419.1081081081081, 433.6621621621622, 443.15202702702703, 427.15202702702703, 322.2331081081081]}}, "19-23": {"max_dim": 6, "1": {"cov_matrix": 276.13733786680984, "mean": 550.6023091725465}, "2": {"cov_matrix": [[69448.2704329516, -9427.481164014176], [-9427.481164014176, 67862.51047799888]], "mean": [494.81976744186045, 561.9120985603544]}, "3": {"cov_matrix": [[62652.26365499916, -18393.145726666633, 2978.0649319207964], [-18393.145726666633, 61149.58118150177, -16968.63731917686], [2978.0649319207964, -16968.63731917686, 50476.850771586884]], "mean": [419.3342513770656, 504.514521782674, 514.470956434652]}, "4": {"cov_matrix": [[59055.48909532132, -20617.550884447173, -678.818742613684, -3938.304383701085], [-20617.550884447173, 59178.044711932926, -20955.07713760943, 3361.3496161865764], [-678.818742613684, -20955.07713760943, 41301.283589392304, -16817.470270310954], [-3938.304383701085, 3361.3496161865764, -16817.470270310954, 40055.001607980485]], "mean": [344.95212479827865, 453.85906401291015, 479.9300699300699, 481.55567509413663]}, "5": {"cov_matrix": [[46708.909048811816, -18536.81906849228, -3877.7277936811965, 1659.1163200656704, -12570.741635795326], [-18536.81906849228, 61411.97736744619, -20781.599649540083, -3040.158977772633, -3829.200756698732], [-3877.7277936811965, -20781.599649540083, 38815.06538761077, -16480.366951524982, 2353.9994080069036], [1659.1163200656704, -3040.158977772633, -16480.366951524982, 29395.807810099144, -8886.359110905303], [-12570.741635795326, -3829.200756698732, 2353.9994080069036, -8886.359110905303, 39934.23596581702]], "mean": [268.9935170178282, 401.1134521880065, 465.419773095624, 475.4132901134522, 434.5380875202593]}, "6": {"cov_matrix": [[31898.475856697834, -8731.185617860852, -11377.386812045686, 10116.690809968848, -3499.464174454828, -5411.963395638625], [-8731.185617860852, 38303.60842852198, -5044.613880235377, -4957.687175493251, -9683.830737279332, -10421.721443406022], [-11377.386812045686, -5044.613880235377, 39994.42540671513, -21697.857217030116, 4655.615784008306, -10447.271547248183], [10116.690809968848, -4957.687175493251, -21697.857217030116, 26378.588006230522, -6605.725856697818, 13540.728193146419], [-3499.464174454828, -9683.830737279332, 4655.615784008306, -6605.725856697818, 18192.249221183807, -2668.3052959501556], [-5411.963395638625, -10421.721443406022, -10447.271547248183, 13540.728193146419, -2668.3052959501556, 50980.363707165074]], "mean": [208.47222222222223, 337.212962962963, 434.2037037037037, 482.80555555555554, 446.77777777777777, 282.1388888888889]}}}, "SA": {"7-11": {"max_dim": 1, "1": {"cov_matrix": 259.8945212931004, "mean": 964.0881057268723}}, "11-15": {"max_dim": 2, "1": {"cov_matrix": 181.75778328938918, "mean": 845.1129032258065}, "2": {"cov_matrix": [[37776.4800947166, -13538.123945537956], [-13538.123945537956, 23407.439507177725]], "mean": [803.9484978540772, 851.2703862660944]}}, "15-19": {"max_dim": 2, "1": {"cov_matrix": 187.7207389540508, "mean": 796.9567430025445}, "2": {"cov_matrix": [[32735.942581592895, -15008.418258074136], [-15008.418258074136, 38773.34244533862]], "mean": [750.700325732899, 823.8697068403909]}}, "19-23": {"max_dim": 2, "1": {"cov_matrix": 292.70123045113644, "mean": 927.9211009174312}, "2": {"cov_matrix": [[63662.67231045848, -45906.23943661972], [-45906.23943661972, 76714.81630206775]], "mean": [800.4295774647887, 904.3239436619718]}}}, "FE": {"7-11": {"max_dim": 1, "1": {"cov_matrix": 194.3544236188053, "mean": 1361.0891089108911}}, "11-15": {"max_dim": 1, "1": {"cov_matrix": 249.5152434584401, "mean": 1123.4830188679246}}, "15-19": {"max_dim": 1, "1": {"cov_matrix": 116.92051441341476, "mean": 1104.9126984126983}}, "19-23": {"max_dim": 1, "1": {"cov_matrix": 223.00855852629223, "mean": 1136.123287671233}}}}, "133": {"LA": {"7-11": {"max_dim": 4, "1": {"cov_matrix": 357.05749986040394, "mean": 669.842981186686}, "2": {"cov_matrix": [[116085.60497152594, -36935.61146787897], [-36935.61146787897, 97145.02819749984]], "mean": [580.8957154405821, 564.0226354082457]}, "3": {"cov_matrix": [[87220.99866641263, -39278.01347875787, 1753.5434368451117], [-39278.01347875787, 89691.92614593252, -27524.351190702993], [1753.5434368451117, -27524.351190702993, 65692.77186130694]], "mean": [434.48275862068965, 499.3393103448276, 461.6758620689655]}, "4": {"cov_matrix": [[50815.16370536482, -24011.17566557414, 6873.592547869595, -23734.572135012368], [-24011.17566557414, 77446.96779943646, -34070.6898970732, -5883.657926513709], [6873.592547869595, -34070.6898970732, 69095.61089069059, -16965.29983899719], [-23734.572135012368, -5883.657926513709, -16965.29983899719, 64781.04893335637]], "mean": [294.4598930481283, 443.3101604278075, 415.6951871657754, 469.14438502673795]}}, "11-15": {"max_dim": 3, "1": {"cov_matrix": 281.9051057469853, "mean": 736.0235091743119}, "2": {"cov_matrix": [[82635.28476621262, -27936.129525688484], [-27936.129525688484, 79677.06084624259]], "mean": [641.318887105404, 695.1375066880685]}, "3": {"cov_matrix": [[67454.7989941913, -32634.331332111804, -23138.82273595572], [-32634.331332111804, 84385.38380569957, -34515.26182215117], [-23138.82273595572, -34515.26182215117, 94094.43815055945]], "mean": [469.92070484581495, 573.5066079295154, 581.114537444934]}}, "15-19": {"max_dim": 3, "1": {"cov_matrix": 218.81945384892205, "mean": 706.851376146789}, "2": {"cov_matrix": [[48405.79762117545, -17929.560010186487], [-17929.560010186487, 36001.27045999021]], "mean": [660.3450566627589, 699.6279796795624]}, "3": {"cov_matrix": [[35686.348142292496, -23142.574387351782, -2059.0128063241095], [-23142.574387351782, 32473.525731225298, -8401.558774703559], [-2059.0128063241095, -8401.558774703559, 35270.83893280632]], "mean": [498.39130434782606, 650.6847826086956, 580.5326086956521]}}, "19-23": {"max_dim": 3, "1": {"cov_matrix": 276.7656149862211, "mean": 734.942513620139}, "2": {"cov_matrix": [[68573.95713409792, -26750.600216707822], [-26750.600216707822, 42054.76123152662]], "mean": [614.7290936404607, 699.6339509263896]}, "3": {"cov_matrix": [[41942.4089673054, -21754.379403022835, -882.0169797002434], [-21754.379403022835, 40916.25894833363, -16135.895608044006], [-882.0169797002434, -16135.895608044006, 22452.656089926033]], "mean": [440.76984126984127, 634.4960317460317, 636.702380952381]}}}, "SA": {"7-11": {"max_dim": 1, "1": {"cov_matrix": 254.72859968399914, "mean": 1265.6975308641975}}, "11-15": {"max_dim": 1, "1": {"cov_matrix": 399.6586841237385, "mean": 1091.1916666666666}}, "15-19": {"max_dim": 1, "1": {"cov_matrix": 383.5197155918748, "mean": 1081.970297029703}}, "19-23": {"max_dim": 1, "1": {"cov_matrix": 352.98385232188735, "mean": 1234.6}}}, "FE": {"7-11": {"max_dim": 0}, "11-15": {"max_dim": 1, "1": {"cov_matrix": 364.3257333682358, "mean": 1150.218487394958}}, "15-19": {"max_dim": 0}, "19-23": {"max_dim": 1, "1": {"cov_matrix": 203.0852017629623, "mean": 1306.0629921259842}}}}}