{"1": {"LA": {"7-8": {"max_dim": 2, "1": {"cov_matrix": 351.60464050075893, "mean": 824.306779661017}, "2": {"cov_matrix": [[91104.5839942531, -19793.106190378934], [-19793.106190378934, 130452.09840826128]], "mean": [651.1153198653199, 838.8762626262626]}}, "8-9": {"max_dim": 3, "1": {"cov_matrix": 388.74000560866995, "mean": 767.7998800239952}, "2": {"cov_matrix": [[153376.19370749575, -64610.09568526235], [-64610.09568526235, 141874.3383433348]], "mean": [647.1110041706769, 743.8675008020532]}, "3": {"cov_matrix": [[185595.305751178, -84283.14160997141, 748.7908411312784], [-84283.14160997141, 172789.3499622861, -88680.00606409115], [748.7908411312784, -88680.00606409115, 214764.67496994094]], "mean": [506.13127413127415, 604.988416988417, 677.3108108108108]}}, "9-10": {"max_dim": 4, "1": {"cov_matrix": 376.73839061574336, "mean": 750.7106151537885}, "2": {"cov_matrix": [[145830.82579463578, -46652.158665845236], [-46652.158665845236, 147064.77422654314]], "mean": [627.4939991427347, 702.9579939991428]}, "3": {"cov_matrix": [[122675.9215676555, -43946.55812081944, -17305.94806652709], [-43946.55812081944, 199366.9817038821, -100832.9792989229], [-17305.94806652709, -100832.9792989229, 149004.71513654728]], "mean": [487.7442748091603, 538.1893129770992, 671.5641221374045]}, "4": {"cov_matrix": [[102814.12573195127, -23409.41027459538, -10284.090671031103, -3502.101527550461], [-23409.41027459538, 123148.9533369704, -42116.294344426286, -18104.03678850701], [-10284.090671031103, -42116.294344426286, 147485.44997272233, -105244.18390616473], [-3502.101527550461, -18104.03678850701, -105244.18390616473, 135981.68241498462]], "mean": [482.87659574468086, 457.34468085106386, 531.5787234042554, 567.3531914893617]}}, "10-11": {"max_dim": 4, "1": {"cov_matrix": 389.77548975703365, "mean": 730.6860772895712}, "2": {"cov_matrix": [[160138.84685504923, -58278.025457443124], [-58278.025457443124, 136266.61040247345]], "mean": [630.904590459046, 699.4898289828983]}, "3": {"cov_matrix": [[124530.42152209076, -53335.34034331183, -22846.06776219871], [-53335.34034331183, 179258.8010648252, -88118.54480353685], [-22846.06776219871, -88118.54480353685, 147445.5678956645]], "mean": [536.4539434075858, 587.5755568934377, 639.2420228777845]}, "4": {"cov_matrix": [[91706.88989350139, -43326.80539013259, -9569.671940882416, -14381.761095414036], [-43326.80539013259, 84657.78578569878, -56114.11749619647, 9739.180873723106], [-9569.671940882416, -56114.11749619647, 213888.93423168868, -97293.51125842212], [-14381.761095414036, 9739.180873723106, -97293.51125842212, 92676.96144316456]], "mean": [504.25116279069766, 606.413953488372, 474.1813953488372, 587.4976744186047]}}, "11-12": {"max_dim": 4, "1": {"cov_matrix": 402.1835671058154, "mean": 703.5534821726092}, "2": {"cov_matrix": [[174031.1608492877, -63549.93462624326], [-63549.93462624326, 183792.64591592806]], "mean": [598.34905505341, 680.7972062448645]}, "3": {"cov_matrix": [[150949.2531123363, -63194.35411057171, -16565.086656152467], [-63194.35411057171, 244589.0597461986, -122285.21778360404], [-16565.086656152467, -122285.21778360404, 216398.57656652763]], "mean": [498.99808337326306, 536.831336847149, 624.80881648299]}, "4": {"cov_matrix": [[159615.15137114894, -59755.94514147305, -20216.364003989413, -4937.055939689569], [-59755.94514147305, 198941.7983589796, -102131.75124878479, -23176.780783801005], [-20216.364003989413, -102131.75124878479, 327412.9508029098, -168772.044587482], [-4937.055939689569, -23176.780783801005, -168772.044587482, 228272.21287170207]], "mean": [407.3169734151329, 509.30470347648264, 468.0040899795501, 581.879345603272]}}, "12-13": {"max_dim": 4, "1": {"cov_matrix": 479.63729294343915, "mean": 690.4512277161117}, "2": {"cov_matrix": [[254189.18264870893, -101921.55902343371], [-101921.55902343371, 206610.9641966828]], "mean": [578.2488785512544, 693.451403887689]}, "3": {"cov_matrix": [[288219.8976545205, -150658.64007539125, -28280.137679060026], [-150658.64007539125, 264822.27454589144, -98182.83846796222], [-28280.137679060026, -98182.83846796222, 215101.16986962818]], "mean": [469.56059874456787, 599.9000482858522, 602.2868179623371]}, "4": {"cov_matrix": [[377618.96246102796, -212722.53970129738, -23207.997975963008, 14782.411696670975], [-212722.53970129738, 306028.48892017844, -152410.63556438359, -35767.54747058231], [-23207.997975963008, -152410.63556438359, 315699.966844346, -100557.69743789603], [14782.411696670975, -35767.54747058231, -100557.69743789603, 310119.9997485668]], "mean": [407.8957055214724, 560.3456032719837, 558.1370143149285, 491.5276073619632]}}, "13-14": {"max_dim": 4, "1": {"cov_matrix": 469.33606662200384, "mean": 721.2844492261855}, "2": {"cov_matrix": [[261024.3692941731, -107295.07924523688], [-107295.07924523688, 220314.81701505306]], "mean": [612.8746875520746, 730.5485752374605]}, "3": {"cov_matrix": [[266917.6499249048, -148305.38120900188, 5774.816050767869], [-148305.38120900188, 353372.84089211834, -154786.78651730754], [5774.816050767869, -154786.78651730754, 244480.19708613088]], "mean": [508.35729847494554, 600.8148148148148, 643.6639433551198]}, "4": {"cov_matrix": [[228952.18834708867, -168853.9630498977, 21081.4574468085, -57253.59900053003], [-168853.9630498977, 476474.48307715595, -237190.48527296126, 24972.861967138637], [21081.4574468085, -237190.48527296126, 574348.5643093308, -268964.400469448], [-57253.59900053003, 24972.861967138637, -268964.400469448, 399366.68145680317]], "mean": [456.22340425531917, 504.8510638297872, 495.0390070921986, 645.9574468085107]}}, "14-15": {"max_dim": 4, "1": {"cov_matrix": 405.2776262442792, "mean": 751.6093855829705}, "2": {"cov_matrix": [[186083.64330849846, -53527.72873758895], [-53527.72873758895, 141457.00887634046]], "mean": [628.9074429515888, 730.2642354446577]}, "3": {"cov_matrix": [[204430.6986170863, -87953.5499850142, -42665.08974365576], [-87953.5499850142, 211638.8977331833, -62767.97512258983], [-42665.08974365576, -62767.97512258983, 123251.62366505619]], "mean": [460.5308464849354, 612.7704447632711, 660.4770444763271]}, "4": {"cov_matrix": [[303166.36524320295, -120729.6834648856, -107241.2698509073, 33650.80914794578], [-120729.6834648856, 259569.78040882412, -97359.62767321055, -67867.51834986174], [-107241.2698509073, -97359.62767321055, 203181.091884234, -22737.023510760297], [33650.80914794578, -67867.51834986174, -22737.023510760297, 74970.01003508056]], "mean": [388.7049180327869, 523.4016393442623, 565.811475409836, 573.8975409836065]}}, "15-16": {"max_dim": 4, "1": {"cov_matrix": 375.1610730870603, "mean": 739.4953575661793}, "2": {"cov_matrix": [[152293.00041258524, -47189.309994667274], [-47189.309994667274, 139313.69523511955]], "mean": [600.1341463414634, 724.9038196042338]}, "3": {"cov_matrix": [[156662.15323961363, -60047.092505039414, -22688.730008638977], [-60047.092505039414, 197902.67265286186, -93803.12213670513], [-22688.730008638977, -93803.12213670513, 145144.4293410822]], "mean": [447.3389355742297, 542.3856209150326, 748.8515406162466]}, "4": {"cov_matrix": [[61132.39888996138, -9295.698680823692, -8648.320785070779, -19624.21412483912], [-9295.698680823692, 120122.19015444018, -71774.8268983269, 14090.230051480054], [-8648.320785070779, -71774.8268983269, 90885.91377091373, -19218.20656370657], [-19624.21412483912, 14090.230051480054, -19218.20656370657, 93592.68178893176]], "mean": [301.20535714285717, 522.5892857142857, 626.6785714285714, 629.9464285714286]}}, "16-17": {"max_dim": 4, "1": {"cov_matrix": 424.80432564061636, "mean": 737.223061825319}, "2": {"cov_matrix": [[226337.47582058227, -81632.25258770215], [-81632.25258770215, 183840.2572489786]], "mean": [578.680114638448, 735.6254409171075]}, "3": {"cov_matrix": [[245025.8053651145, -134877.21011254177, -27287.408258339296], [-134877.21011254177, 324825.4359155608, -128479.9455526757], [-27287.408258339296, -128479.9455526757, 162600.90841605482]], "mean": [421.1607000795545, 543.5242641209228, 747.7414478918059]}, "4": {"cov_matrix": [[181135.23558388875, -154047.86815415832, 10973.287742683277, 38310.7936829905], [-154047.86815415832, 371104.91963682027, -136880.3766058147, -80217.8103931228], [10973.287742683277, -136880.3766058147, 145688.70955278655, -12138.549792330708], [38310.7936829905, -80217.8103931228, -12138.549792330708, 74252.5513377765]], "mean": [348.47058823529414, 325.12745098039215, 761.9019607843137, 623.0196078431372]}}, "17-18": {"max_dim": 4, "1": {"cov_matrix": 420.1936123320723, "mean": 713.5836251774728}, "2": {"cov_matrix": [[184076.18975468102, -60303.67578116626], [-60303.67578116626, 150200.22550544966]], "mean": [585.8370233702337, 744.0065600656006]}, "3": {"cov_matrix": [[201403.7296677347, -80669.70261934596, -20320.50620006065], [-80669.70261934596, 204196.16034238556, -86028.90809332608], [-20320.50620006065, -86028.90809332608, 164457.86019173785]], "mean": [457.9492979719189, 615.6606864274571, 730.0085803432137]}, "4": {"cov_matrix": [[211389.78925323777, -119555.22717001928, -1271.5574262882276, 92373.85365114352], [-119555.22717001928, 291106.0381372279, -168099.0146321301, -15829.451970239736], [-1271.5574262882276, -168099.0146321301, 245255.7351887572, -111081.63177183791], [92373.85365114352, -15829.451970239736, -111081.63177183791, 245158.39988977692]], "mean": [297.59685863874347, 512.062827225131, 597.4816753926701, 553.9895287958116]}}, "18-19": {"max_dim": 4, "1": {"cov_matrix": 442.0529312492448, "mean": 757.9692530294809}, "2": {"cov_matrix": [[223526.99376528163, -92116.61794858507], [-92116.61794858507, 216330.94298876368]], "mean": [601.6989979959919, 731.3509018036073]}, "3": {"cov_matrix": [[233389.22822903015, -120325.58792008559, -22070.291146254767], [-120325.58792008559, 340123.3767042842, -149865.50729697663], [-22070.291146254767, -149865.50729697663, 218649.56118157014]], "mean": [470.40793201133147, 550.0495750708216, 733.3399433427762]}, "4": {"cov_matrix": [[208201.66054519362, -147669.88194643718, -5192.814610234328, -40941.890506934455], [-147669.88194643718, 413547.04725011974, -183397.70231946418, -30139.328981348637], [-5192.814610234328, -183397.70231946418, 303901.1505499759, -59013.07262075564], [-40941.890506934455, -30139.328981348637, -59013.07262075564, 120842.82792922054]], "mean": [548.6780487804878, 292.10731707317075, 668.6487804878049, 611.1414634146341]}}, "19-20": {"max_dim": 4, "1": {"cov_matrix": 458.46638474141, "mean": 773.2666015625}, "2": {"cov_matrix": [[230634.58537637326, -101462.60854856813], [-101462.60854856813, 195215.081712922]], "mean": [590.1333946642135, 783.3523459061638]}, "3": {"cov_matrix": [[250335.87701169658, -131166.53753553546, 17612.910308363636], [-131166.53753553546, 267020.93625427183, -123947.24222503709], [17612.910308363636, -123947.24222503709, 188366.85421339268]], "mean": [420.45057880676757, 641.4844167408727, 695.8984861976847]}, "4": {"cov_matrix": [[251345.13651028372, -204270.41309315755, 90561.5328673209, -37718.818658421835], [-204270.41309315755, 374822.07729533524, -214975.2327597795, 18495.447203925254], [90561.5328673209, -214975.2327597795, 309448.78935340734, -120736.30740018832], [-37718.818658421835, 18495.447203925254, -120736.30740018832, 233166.31180266174]], "mean": [399.60115606936415, 537.2601156069364, 527.7341040462428, 658.0462427745665]}}, "20-21": {"max_dim": 3, "1": {"cov_matrix": 459.9004795328228, "mean": 858.73185962283}, "2": {"cov_matrix": [[257695.30209373205, -118896.47458385206], [-118896.47458385206, 206778.45611587702]], "mean": [677.3459503459503, 795.4595034595035]}, "3": {"cov_matrix": [[279118.3297019043, -117974.97554673308, -46417.68261893548], [-117974.97554673308, 219033.20869389677, -66308.61721283897], [-46417.68261893548, -66308.61721283897, 193711.8287598412]], "mean": [516.0129533678756, 749.9170984455959, 597.7616580310881]}}, "21-22": {"max_dim": 3, "1": {"cov_matrix": 427.6435786206351, "mean": 871.1806383725009}, "2": {"cov_matrix": [[188203.25355217746, -98532.41090429887], [-98532.41090429887, 197126.99278169728]], "mean": [652.3830594184576, 835.6776232616941]}, "3": {"cov_matrix": [[175997.01970980986, -120177.41884951205, -20434.29112095531], [-120177.41884951205, 369309.8521443246, -203571.45261941451], [-20434.29112095531, -203571.45261941451, 268512.38020030834]], "mean": [710.8587570621469, 610.0112994350283, 623.8305084745763]}}, "22-23": {"max_dim": 2, "1": {"cov_matrix": 493.5962357937031, "mean": 967.1453913043479}, "2": {"cov_matrix": [[378743.5197831976, -274964.23956639576], [-274964.23956639576, 359764.0382992748]], "mean": [575.4, 971.8135135135135]}}}, "SA": {"7-8": {"max_dim": 0}, "8-9": {"max_dim": 1, "1": {"cov_matrix": 316.4445478511649, "mean": 1160.132743362832}}, "9-10": {"max_dim": 1, "1": {"cov_matrix": 337.97662188273245, "mean": 980.1365853658536}}, "10-11": {"max_dim": 1, "1": {"cov_matrix": 300.95261952458713, "mean": 983.1486486486486}}, "11-12": {"max_dim": 1, "1": {"cov_matrix": 450.4916496378132, "mean": 1051.012987012987}}, "12-13": {"max_dim": 2, "1": {"cov_matrix": 441.1439400068405, "mean": 888.2654320987655}, "2": {"cov_matrix": [[184335.6282809738, -85760.38446892425], [-85760.38446892425, 79182.75424996599]], "mean": [595.6220930232558, 944.5116279069767]}}, "13-14": {"max_dim": 2, "1": {"cov_matrix": 416.8923956273378, "mean": 955.5697151424288}, "2": {"cov_matrix": [[104782.6830707425, -14072.598173372671], [-14072.598173372671, 91505.40317619739]], "mean": [807.2737430167598, 588.1117318435754]}}, "14-15": {"max_dim": 2, "1": {"cov_matrix": 663.1649349180126, "mean": 937.1717495987159}, "2": {"cov_matrix": [[603246.3928571431, -227930.48303571413], [-227930.48303571413, 392475.9763198759]], "mean": [491.2857142857143, 840.6583850931677]}}, "15-16": {"max_dim": 2, "1": {"cov_matrix": 601.860735292584, "mean": 980.944976076555}, "2": {"cov_matrix": [[410655.9704930514, -260627.1471540071], [-260627.1471540071, 530029.4410812869]], "mean": [419.00970873786406, 750.0097087378641]}}, "16-17": {"max_dim": 1, "1": {"cov_matrix": 435.2431544124799, "mean": 940.588}}, "17-18": {"max_dim": 1, "1": {"cov_matrix": 575.2154948353048, "mean": 1105.669658886894}}, "18-19": {"max_dim": 2, "1": {"cov_matrix": 549.1264172369899, "mean": 972.8294360385145}, "2": {"cov_matrix": [[406818.39778704924, -175605.76233448225], [-175605.76233448225, 297918.68401959015]], "mean": [485.5503355704698, 1061.510067114094]}}, "19-20": {"max_dim": 2, "1": {"cov_matrix": 366.8945527143274, "mean": 834.9302973977696}, "2": {"cov_matrix": [[112169.55837697197, -32384.992210914617], [-32384.992210914617, 126445.35894015744]], "mean": [696.3810888252149, 770.0773638968482]}}, "20-21": {"max_dim": 2, "1": {"cov_matrix": 492.1456757446891, "mean": 774.1508875739645}, "2": {"cov_matrix": [[224753.98002460512, -88841.2670940171], [-88841.2670940171, 260701.5170940171]], "mean": [537.7556818181819, 807.875]}}, "21-22": {"max_dim": 2, "1": {"cov_matrix": 408.4317114998548, "mean": 1002.4278017241379}, "2": {"cov_matrix": [[149990.87604382128, -40494.87757603613], [-40494.87757603613, 81043.5291120815]], "mean": [693.0742358078603, 912.3580786026201]}}, "22-23": {"max_dim": 1, "1": {"cov_matrix": 509.99788096942495, "mean": 1204.6200417536534}}}, "FE": {"7-8": {"max_dim": 0}, "8-9": {"max_dim": 0}, "9-10": {"max_dim": 1, "1": {"cov_matrix": 226.52697552794967, "mean": 1196.0445544554455}}, "10-11": {"max_dim": 1, "1": {"cov_matrix": 260.3909221681357, "mean": 1271.7349397590363}}, "11-12": {"max_dim": 1, "1": {"cov_matrix": 238.43492216097175, "mean": 1282.443113772455}}, "12-13": {"max_dim": 1, "1": {"cov_matrix": 862.9447992610196, "mean": 920.7773109243698}}, "13-14": {"max_dim": 1, "1": {"cov_matrix": 620.5226451972596, "mean": 1085.5638766519824}}, "14-15": {"max_dim": 1, "1": {"cov_matrix": 414.8374513212507, "mean": 1121.5307692307692}}, "15-16": {"max_dim": 1, "1": {"cov_matrix": 584.544957944974, "mean": 877.0335195530727}}, "16-17": {"max_dim": 1, "1": {"cov_matrix": 494.34840564583055, "mean": 947.2166666666667}}, "17-18": {"max_dim": 1, "1": {"cov_matrix": 312.9470024276731, "mean": 1009.841095890411}}, "18-19": {"max_dim": 2, "1": {"cov_matrix": 433.5887300150159, "mean": 903.2436440677966}, "2": {"cov_matrix": [[108214.51419432234, -36046.50279888046], [-36046.50279888046, 37204.690923630544]], "mean": [681.5121951219512, 868.560975609756]}}, "19-20": {"max_dim": 1, "1": {"cov_matrix": 392.7540958268151, "mean": 1048.8741865509762}}, "20-21": {"max_dim": 1, "1": {"cov_matrix": 409.70151396361405, "mean": 1092.0041493775934}}, "21-22": {"max_dim": 1, "1": {"cov_matrix": 415.92344085221157, "mean": 1081.3955773955774}}, "22-23": {"max_dim": 1, "1": {"cov_matrix": 399.9143266105938, "mean": 1244.5330739299611}}}}, "44": {"LA": {"7-8": {"max_dim": 2, "1": {"cov_matrix": 305.9138043636019, "mean": 660.1894793344069}, "2": {"cov_matrix": [[32203.445288188082, 870.7783683983267], [870.7783683983267, 123754.3284644362]], "mean": [527.0081743869209, 559.7057220708447]}}, "8-9": {"max_dim": 2, "1": {"cov_matrix": 333.01287199828676, "mean": 684.9354263289333}, "2": {"cov_matrix": [[30369.131176895156, -706.8329641934317], [-706.8329641934317, 139545.51310446652]], "mean": [505.0580431177446, 593.5555555555555]}}, "9-10": {"max_dim": 2, "1": {"cov_matrix": 286.04401962745135, "mean": 608.5454545454545}, "2": {"cov_matrix": [[51747.38028513523, -19663.468376546236], [-19663.468376546236, 45396.65425709035]], "mean": [420.8868194842407, 532.297994269341]}}, "10-11": {"max_dim": 2, "1": {"cov_matrix": 277.4649362229568, "mean": 658.8462526766596}, "2": {"cov_matrix": [[44513.69513873473, -16809.33801331853], [-16809.33801331853, 35839.0948945616]], "mean": [449.9270588235294, 559.5058823529412]}}, "11-12": {"max_dim": 2, "1": {"cov_matrix": 287.88549709435773, "mean": 706.9340896812533}, "2": {"cov_matrix": [[40187.92031887928, -17163.755674232318], [-17163.755674232318, 27714.746773475727]], "mean": [445.6583850931677, 490.2857142857143]}}, "12-13": {"max_dim": 2, "1": {"cov_matrix": 288.4900710752657, "mean": 688.860010851872}, "2": {"cov_matrix": [[37998.58298659271, -17521.50984533266], [-17521.50984533266, 28496.525679821792]], "mean": [465.1326860841424, 489.1715210355987]}}, "13-14": {"max_dim": 2, "1": {"cov_matrix": 280.7963587347302, "mean": 676.5422755741128}, "2": {"cov_matrix": [[35213.95921867229, -18444.099620997757], [-18444.099620997757, 28923.411500403025]], "mean": [447.15204678362574, 552.672514619883]}}, "14-15": {"max_dim": 2, "1": {"cov_matrix": 261.6199488070761, "mean": 660.0488372093023}, "2": {"cov_matrix": [[33866.313815832844, -12984.545237624416], [-12984.545237624416, 18175.13107903236]], "mean": [429.1820512820513, 527.0717948717949]}}, "15-16": {"max_dim": 2, "1": {"cov_matrix": 295.7753432531568, "mean": 734.5328653477983}, "2": {"cov_matrix": [[33596.377530012556, -17808.029678350853], [-17808.029678350853, 23511.513809791184]], "mean": [465.05839416058393, 514.1313868613139]}}, "16-17": {"max_dim": 2, "1": {"cov_matrix": 278.28755050749055, "mean": 741.5506072874493}, "2": {"cov_matrix": [[22536.815617475055, -9973.28878568971], [-9973.28878568971, 15146.102511179904]], "mean": [487.5424836601307, 524.8300653594771]}}, "17-18": {"max_dim": 2, "1": {"cov_matrix": 266.0208308781143, "mean": 729.5733333333334}, "2": {"cov_matrix": [[51497.409218232744, -24515.69773363891], [-24515.69773363891, 25924.572616925558]], "mean": [509.16883116883116, 519.2597402597403]}}, "18-19": {"max_dim": 2, "1": {"cov_matrix": 261.4727421682171, "mean": 722.630816170862}, "2": {"cov_matrix": [[30873.98541128941, -12745.463696554818], [-12745.463696554818, 16128.652676467285]], "mean": [467.2985074626866, 553.6417910447761]}}, "19-20": {"max_dim": 2, "1": {"cov_matrix": 237.01697378206654, "mean": 698.4705459770115}, "2": {"cov_matrix": [[17135.354800238518, -4553.229576624926], [-4553.229576624926, 16256.437924865835]], "mean": [471.38461538461536, 549.8923076923077]}}, "20-21": {"max_dim": 1, "1": {"cov_matrix": 228.80333628871904, "mean": 807.9107856191745}}, "21-22": {"max_dim": 1, "1": {"cov_matrix": 184.56998603424353, "mean": 901.0159574468086}}, "22-23": {"max_dim": 0}}, "SA": {"7-8": {"max_dim": 0}, "8-9": {"max_dim": 0}, "9-10": {"max_dim": 0}, "10-11": {"max_dim": 0}, "11-12": {"max_dim": 0}, "12-13": {"max_dim": 0}, "13-14": {"max_dim": 0}, "14-15": {"max_dim": 0}, "15-16": {"max_dim": 0}, "16-17": {"max_dim": 0}, "17-18": {"max_dim": 0}, "18-19": {"max_dim": 0}, "19-20": {"max_dim": 0}, "20-21": {"max_dim": 0}, "21-22": {"max_dim": 0}, "22-23": {"max_dim": 0}}, "FE": {"7-8": {"max_dim": 0}, "8-9": {"max_dim": 0}, "9-10": {"max_dim": 0}, "10-11": {"max_dim": 0}, "11-12": {"max_dim": 0}, "12-13": {"max_dim": 0}, "13-14": {"max_dim": 0}, "14-15": {"max_dim": 0}, "15-16": {"max_dim": 0}, "16-17": {"max_dim": 0}, "17-18": {"max_dim": 0}, "18-19": {"max_dim": 0}, "19-20": {"max_dim": 0}, "20-21": {"max_dim": 0}, "21-22": {"max_dim": 0}, "22-23": {"max_dim": 1, "1": {"cov_matrix": 699.0912969856432, "mean": 1576.3857142857144}}}}, "82": {"LA": {"7-8": {"max_dim": 4, "1": {"cov_matrix": 329.27883640132046, "mean": 519.531788472965}, "2": {"cov_matrix": [[83132.70273025283, -25193.2077808364], [-25193.2077808364, 95493.09650306414]], "mean": [461.68768679019723, 472.0430364614465]}, "3": {"cov_matrix": [[70710.90238283979, -30524.001192335567, -4082.106985137337], [-30524.001192335567, 92018.34357185275, -36780.52462634046], [-4082.106985137337, -36780.52462634046, 69481.35767058312]], "mean": [399.5561843168957, 415.32336297493936, 398.5860953920776]}, "4": {"cov_matrix": [[83095.96551724138, -36393.54739168877, -3368.2254199823165, -898.8099469496001], [-36393.54739168877, 92475.73035661654, -28090.50334512229, -19948.084084880637], [-3368.2254199823165, -28090.50334512229, 94326.93840259359, -36357.239655172416], [-898.8099469496001, -19948.084084880637, -36357.239655172416, 68910.91909814325]], "mean": [353.1954022988506, 415.06513409961684, 314.99233716475095, 275.3448275862069]}}, "8-9": {"max_dim": 7, "1": {"cov_matrix": 361.51511556014293, "mean": 384.7741887466508}, "2": {"cov_matrix": [[114213.08270388965, -44835.79253753811], [-44835.79253753811, 117620.43130523723]], "mean": [319.7059872895529, 357.81893187646335]}, "3": {"cov_matrix": [[93333.37016819138, -41760.00761393644, -447.44255087027744], [-41760.00761393644, 124379.45380475627, -57005.46289793743], [-447.44255087027744, -57005.46289793743, 132037.68835070572]], "mean": [284.9928850942725, 312.30505158306653, 319.6355389541089]}, "4": {"cov_matrix": [[83260.13719698046, -35390.71579969533, -4617.338717647193, -1274.5081717129824], [-35390.71579969533, 97897.55862202654, -52050.39541965256, -277.0964777967063], [-4617.338717647193, -52050.39541965256, 152975.4900124895, -80934.0792514953], [-1274.5081717129824, -277.0964777967063, -80934.0792514953, 168273.11894390764]], "mean": [268.67616981716765, 289.3098853424233, 266.8816237991943, 283.1422373721723]}, "5": {"cov_matrix": [[74338.13433626255, -29754.690000612587, -1904.0846258578667, -1174.9186564200068, -2665.7467043835522], [-29754.690000612587, 75556.8580564673, -38160.384204029506, -2062.075676496374, 754.1177753493907], [-1904.0846258578667, -38160.384204029506, 119450.76544920044, -72039.20234587688, -2993.5086983986484], [-1174.9186564200068, -2062.075676496374, -72039.20234587688, 209175.36127847462, -119365.22727188896], [-2665.7467043835522, 754.1177753493907, -2993.5086983986484, -119365.22727188896, 206941.21673375464]], "mean": [256.70567986230634, 289.8869764773379, 261.6483075157774, 227.81812966150315, 277.0160642570281]}, "6": {"cov_matrix": [[74064.79155914509, -29200.67905709315, -5227.133485997567, -2969.3476115433878, -5000.89896746446, 4816.680465543849], [-29200.67905709315, 59596.99571555206, -24907.739132932802, 5109.531471814568, -2760.1874634754945, -1288.8821185856389], [-5227.133485997567, -24907.739132932802, 80380.05515611148, -46435.091255458145, -6881.056461144486, 3105.4963196428016], [-2969.3476115433878, 5109.531471814568, -46435.091255458145, 171903.58258642768, -118955.82869102726, -185.40619193013782], [-5000.89896746446, -2760.1874634754945, -6881.056461144486, -118955.82869102726, 295885.4751305033, -155934.2210413999], [4816.680465543849, -1288.8821185856389, 3105.4963196428016, -185.40619193013782, -155934.2210413999, 187990.98054762144]], "mean": [213.5864276568502, 287.65428937259924, 274.29065300896286, 224.19462227912933, 210.52880921895007, 303.3738796414853]}, "7": {"cov_matrix": [[74920.22936903278, -22111.712121212106, -4934.844375259444, 10350.734080531336, -24729.849335823998, 4273.846554586967, 1921.0078248235786], [-22111.712121212106, 45423.372768783745, -19518.550020755498, -7108.328352013284, 5628.489207139891, 2816.5942299709427, -4674.015566625158], [-4934.844375259444, -19518.550020755498, 35777.96521378163, -12868.632129514326, -3864.6819842258155, 814.9673308426765, 5791.455085097549], [10350.734080531336, -7108.328352013284, -12868.632129514326, 118650.27364051479, -90397.83246160232, -8576.909173931095, 2678.9339144873366], [-24729.849335823998, 5628.489207139891, -3864.6819842258155, -90397.83246160232, 255784.144686592, -156120.75668327106, -1623.5651100041505], [4273.846554586967, 2816.5942299709427, 814.9673308426765, -8576.909173931095, -156120.75668327106, 276447.46158156893, -110831.9769821503], [1921.0078248235786, -4674.015566625158, 5791.455085097549, 2678.9339144873366, -1623.5651100041505, -110831.9769821503, 130717.01907430468]], "mean": [197.7409090909091, 247.77272727272728, 265.7909090909091, 247.38181818181818, 203.12272727272727, 254.32272727272726, 233.73181818181817]}}, "9-10": {"max_dim": 7, "1": {"cov_matrix": 358.4219053756664, "mean": 389.27818259751393}, "2": {"cov_matrix": [[113834.60128392618, -46175.53019628626], [-46175.53019628626, 121405.11765369274]], "mean": [300.7043421339734, 359.06153174776347]}, "3": {"cov_matrix": [[97274.18005801403, -49728.5743273878, 3819.3536560414527], [-49728.5743273878, 132592.43913250964, -62201.92488766087], [3819.3536560414527, -62201.92488766087, 133492.60597256754]], "mean": [257.99560864219217, 290.95714034779553, 347.76040751800457]}, "4": {"cov_matrix": [[84391.58905430943, -37236.21787316358, 2017.1636383023103, -6079.202850847551], [-37236.21787316358, 116804.6261393565, -68878.49310061122, 7786.034537294882], [2017.1636383023103, -68878.49310061122, 170072.7780766206, -87565.24610019194], [-6079.202850847551, 7786.034537294882, -87565.24610019194, 156621.11047879106]], "mean": [248.1190854239441, 248.46363925055573, 277.8796443315338, 325.4255319148936]}, "5": {"cov_matrix": [[88844.24487344532, -37922.15617918081, -2825.2307789743677, -5040.324472695998, 7988.997762221621], [-37922.15617918081, 95754.3766378349, -50018.12777568103, 9139.833421224506, -10036.276871866728], [-2825.2307789743677, -50018.12777568103, 150181.62356853698, -96921.5382753165, 10876.3708193526], [-5040.324472695998, 9139.833421224506, -96921.5382753165, 221453.29560345915, -112612.61153175363], [7988.997762221621, -10036.276871866728, 10876.3708193526, -112612.61153175363, 162971.67732002563]], "mean": [237.79658792650918, 254.10367454068242, 228.4468503937008, 251.4284776902887, 332.45997375328085]}, "6": {"cov_matrix": [[82647.86469591413, -37832.16290717378, -2983.6223937739314, 317.23438461055747, 10863.811055670618, -15651.536173350907], [-37832.16290717378, 95264.983637733, -49188.81949099353, 294.5740538505005, -6368.271333082287, 9713.738548923619], [-2983.6223937739314, -49188.81949099353, 111422.31524508876, -58789.39883261154, 9407.431751710292, -9276.430204606793], [317.23438461055747, 294.5740538505005, -58789.39883261154, 189544.8657315007, -121607.41837381534, -7490.056084855336], [10863.811055670618, -6368.271333082287, 9407.431751710292, -121607.41837381534, 249163.35534425417, -108143.45751898571], [-15651.536173350907, 9713.738548923619, -9276.430204606793, -7490.056084855336, -108143.45751898571, 154457.94626247423]], "mean": [225.63008849557522, 252.3929203539823, 251.40176991150443, 177.541592920354, 245.8920353982301, 318.8353982300885]}, "7": {"cov_matrix": [[67096.79533142912, -29668.21210479662, 1278.3368462523329, 9014.27607603664, -544.7032404215463, -28820.671821136617, 6243.0421057815465], [-29668.21210479662, 76111.15256574412, -37963.66655175809, 845.9166256278925, 8534.063675760857, 9784.764650842113, -21406.357086575383], [1278.3368462523329, -37963.66655175809, 92543.82783413772, -45644.44454840934, -26562.030237368268, 20564.238993400962, 9635.429183492557], [9014.27607603664, 845.9166256278925, -45644.44454840934, 84202.60494435143, 1071.0148232049664, -46392.17640106373, 1819.1953117305204], [-544.7032404215463, 8534.063675760857, -26562.030237368268, 1071.0148232049664, 90124.65665320595, -40151.72850389049, -33037.910469811875], [-28820.671821136617, 9784.764650842113, 20564.238993400962, -46392.17640106373, -40151.72850389049, 191334.70757411598, -81532.41642864181], [6243.0421057815465, -21406.357086575383, 9635.429183492557, 1819.1953117305204, -33037.910469811875, -81532.41642864181, 118247.92248596474]], "mean": [228.020979020979, 257.7062937062937, 254.05594405594405, 280.26573426573424, 163.28671328671328, 163.13286713286712, 298.006993006993]}}, "10-11": {"max_dim": 5, "1": {"cov_matrix": 321.49395727605435, "mean": 504.1265435595333}, "2": {"cov_matrix": [[88377.16257954648, -29141.582308404348], [-29141.582308404348, 74425.35223469378]], "mean": [385.0478184222124, 460.2946231820185]}, "3": {"cov_matrix": [[80837.03078634685, -33733.16969427261, 5649.5429664901385], [-33733.16969427261, 93202.66581135947, -44834.093693309274], [5649.5429664901385, -44834.093693309274, 83961.91029745525]], "mean": [305.3391304347826, 382.6102301790281, 437.50383631713555]}, "4": {"cov_matrix": [[93979.34705775381, -32890.86091588845, 6838.819373575941, -7021.154728667244], [-32890.86091588845, 99327.50389910469, -67980.76706459996, 16361.812217194569], [6838.819373575941, -67980.76706459996, 150141.477881005, -75782.63846635213], [-7021.154728667244, 16361.812217194569, -75782.63846635213, 102012.7565947819]], "mean": [273.23202614379085, 309.22549019607845, 346.671568627451, 397.70098039215685]}, "5": {"cov_matrix": [[143054.49964778806, -21853.076289095534, -13741.903247393628, 352.7668709495639, 9147.97939560439], [-21853.076289095534, 74709.82340095803, -56944.256480698794, 40761.20424767541, -16548.62362637362], [-13741.903247393628, -56944.256480698794, 204603.01789236403, -156541.71956889273, 16272.23443223443], [352.7668709495639, 40761.20424767541, -156541.71956889273, 222554.76866723038, -95390.90293040294], [9147.97939560439, -16548.62362637362, 16272.23443223443, -95390.90293040294, 88390.00000000001]], "mean": [170.81065088757396, 368.7869822485207, 222.41420118343194, 359.8698224852071, 380.9230769230769]}}, "11-12": {"max_dim": 3, "1": {"cov_matrix": 262.96489434914866, "mean": 554.1055681531872}, "2": {"cov_matrix": [[46570.01976580976, -14733.924426348962], [-14733.924426348962, 44369.3285371206]], "mean": [443.29159369527144, 496.1923525977817]}, "3": {"cov_matrix": [[44373.52766447629, -13497.248864789946, 59.01689796381483], [-13497.248864789946, 53969.433171030214, -30063.382188397252], [59.01689796381483, -30063.382188397252, 34666.54424938351]], "mean": [374.77565392354126, 429.5734406438632, 498.6851106639839]}}, "12-13": {"max_dim": 4, "1": {"cov_matrix": 289.2359983245608, "mean": 524.4061006982727}, "2": {"cov_matrix": [[56372.46031461268, -13325.781252784742], [-13325.781252784742, 52106.915368168025]], "mean": [410.2076726342711, 458.1772378516624]}, "3": {"cov_matrix": [[64964.738578770164, -13471.721932778073, -8191.062212770983], [-13471.721932778073, 49582.31425195986, -14068.060060926728], [-8191.062212770983, -14068.060060926728, 33474.5528484511]], "mean": [355.2090909090909, 399.54675324675327, 452.85324675324676]}, "4": {"cov_matrix": [[46585.077458003434, -15045.910121067414, -11162.4173683549, -2910.989652716688], [-15045.910121067414, 82341.4537304679, -16423.16362950861, -17665.511604038373], [-11162.4173683549, -16423.16362950861, 55739.97448787231, -19712.009865527223], [-2910.989652716688, -17665.511604038373, -19712.009865527223, 33874.04214318631]], "mean": [237.31050228310502, 305.7853881278539, 394.6027397260274, 445.58447488584477]}}, "13-14": {"max_dim": 4, "1": {"cov_matrix": 288.2110699470593, "mean": 470.70557922901594}, "2": {"cov_matrix": [[61453.85824457026, -14588.919364138164], [-14588.919364138164, 53484.98148247993]], "mean": [371.42922291134624, 426.3697555636629]}, "3": {"cov_matrix": [[51250.59130811872, -14539.55689940879, -895.3930149299206], [-14539.55689940879, 55821.945339277525, -20650.751675807434], [-895.3930149299206, -20650.751675807434, 42883.25130255939]], "mean": [318.17288011695905, 382.6345029239766, 405.7291666666667]}, "4": {"cov_matrix": [[46418.19826648968, -7641.342685123729, -4782.181814734047, -2612.3750813817524], [-7641.342685123729, 56159.30973736606, -26134.982781833703, 288.03351663980345], [-4782.181814734047, -26134.982781833703, 66019.9469422585, -29827.703119370442], [-2612.3750813817524, 288.03351663980345, -29827.703119370442, 48125.44363800132]], "mean": [258.79522613065325, 318.35929648241205, 375.0150753768844, 413.5816582914573]}}, "14-15": {"max_dim": 4, "1": {"cov_matrix": 297.3747292932058, "mean": 482.14073350694446}, "2": {"cov_matrix": [[59848.18648392371, -17510.480952673846], [-17510.480952673846, 49906.69862222478]], "mean": [371.8089660743134, 417.04947495961227]}, "3": {"cov_matrix": [[57580.89444573347, -18719.093242858336, 1346.410464759077], [-18719.093242858336, 55083.72459358779, -24913.68551893753], [1346.410464759077, -24913.68551893753, 49780.99763671035]], "mean": [326.57762017336483, 380.66272655634356, 396.65051221434203]}, "4": {"cov_matrix": [[56489.78130930688, -11195.304027981812, 1291.3329303354913, -8087.383047609442], [-11195.304027981812, 56776.96881521788, -28506.102203300063, -592.8864996248493], [1291.3329303354913, -28506.102203300063, 84865.78229604737, -41297.31745301159], [-8087.383047609442, -592.8864996248493, -41297.31745301159, 46968.34774562902]], "mean": [250.43538268506902, 360.92220828105394, 352.1555834378921, 425.1668757841907]}}, "15-16": {"max_dim": 4, "1": {"cov_matrix": 289.6733321049642, "mean": 511.4299828744566}, "2": {"cov_matrix": [[60501.63938069457, -19257.160300154166], [-19257.160300154166, 45445.58278541316]], "mean": [403.2940540540541, 452.21135135135137]}, "3": {"cov_matrix": [[55330.26652519966, -15342.247989172869, 3525.125070470865], [-15342.247989172869, 42801.656886098084, -19160.289301296667], [3525.125070470865, -19160.289301296667, 34679.174844351306]], "mean": [328.0291005291005, 419.67526455026456, 422.52314814814815]}, "4": {"cov_matrix": [[65229.28325422442, -17423.50962597303, 7894.730890449967, -13236.830567685593], [-17423.50962597303, 47290.55583823806, -27461.62916271122, 6071.286462882094], [7894.730890449967, -27461.62916271122, 60916.96039491167, -31495.885589519643], [-13236.830567685593, 6071.286462882094, -31495.885589519643, 36206.553711790424]], "mean": [218.65652173913043, 361.2695652173913, 357.0173913043478, 411.2]}}, "16-17": {"max_dim": 3, "1": {"cov_matrix": 282.3209635837643, "mean": 551.3712275215012}, "2": {"cov_matrix": [[46965.07187808801, -16296.485013537427], [-16296.485013537427, 35529.50379903106]], "mean": [440.40548992355804, 480.4673384294649]}, "3": {"cov_matrix": [[48810.747410439864, -14098.422820777698, -3768.547129866982], [-14098.422820777698, 42200.47676984098, -19610.914506893165], [-3768.547129866982, -19610.914506893165, 26702.717436329087]], "mean": [376.7178329571106, 444.8352144469526, 466.70316027088035]}}, "17-18": {"max_dim": 3, "1": {"cov_matrix": 278.81958667684876, "mean": 552.9320031923384}, "2": {"cov_matrix": [[43033.08749543448, -15615.679407873256], [-15615.679407873256, 34008.754980468046]], "mean": [436.5125173852573, 476.4527121001391]}, "3": {"cov_matrix": [[45607.7925593002, -17473.914839658763, 172.22232074564738], [-17473.914839658763, 39266.20523858836, -17663.32338547554], [172.22232074564738, -17663.32338547554, 26707.814071627272]], "mean": [360.07430997876855, 443.0552016985138, 475.5828025477707]}}, "18-19": {"max_dim": 3, "1": {"cov_matrix": 277.8640446545547, "mean": 557.6222023276633}, "2": {"cov_matrix": [[45825.73136184254, -16762.667708895166], [-16762.667708895166, 37839.85805327985]], "mean": [443.8526874585269, 484.7909754479098]}, "3": {"cov_matrix": [[38714.122531592904, -12970.772174477457, -5673.230611344947], [-12970.772174477457, 49911.8230922257, -20755.76232314549], [-5673.230611344947, -20755.76232314549, 31125.576359280654]], "mean": [384.2769744160178, 451.2747497219132, 472.26140155728586]}}, "19-20": {"max_dim": 3, "1": {"cov_matrix": 267.7861039238028, "mean": 559.4681210631434}, "2": {"cov_matrix": [[42376.093121001395, -15669.143149180629], [-15669.143149180629, 28865.836944911414]], "mean": [447.31050069541027, 491.6971488178025]}, "3": {"cov_matrix": [[42740.75414520296, -18156.6815903976, 1591.4976177377696], [-18156.6815903976, 34520.05725764775, -13377.382442277238], [1591.4976177377696, -13377.382442277238, 21759.469507376856]], "mean": [364.3561290322581, 474.3896774193548, 472.19870967741934]}}, "20-21": {"max_dim": 3, "1": {"cov_matrix": 277.7715698280223, "mean": 546.8579274461628}, "2": {"cov_matrix": [[41852.73677673503, -14575.003207044378], [-14575.003207044378, 35349.945697259114]], "mean": [428.8540145985401, 462.1345604569978]}, "3": {"cov_matrix": [[40461.20999298758, -13414.264628042345, 346.65148757951795], [-13414.264628042345, 44977.56744479412, -21333.05420523015], [346.65148757951795, -21333.05420523015, 27184.399766832226]], "mean": [381.13457760314344, 435.20530451866404, 453.13457760314344]}}, "21-22": {"max_dim": 3, "1": {"cov_matrix": 252.8977051507832, "mean": 623.3292517006803}, "2": {"cov_matrix": [[37514.72382215882, -11923.324505407954], [-11923.324505407954, 24737.036641765222]], "mean": [492.7213496218732, 566.629435718441]}, "3": {"cov_matrix": [[36649.24144144143, -15504.895823095823, -10035.70376740376], [-15504.895823095823, 31480.775429975427, -6215.04004914005], [-10035.70376740376, -6215.04004914005, 20134.835053235063]], "mean": [305.06306306306305, 480.64864864864865, 495.6306306306306]}}, "22-23": {"max_dim": 2, "1": {"cov_matrix": 280.6031672986377, "mean": 749.0741279069767}, "2": {"cov_matrix": [[45261.824583866844, -20688.919334186936], [-20688.919334186936, 32755.752191470503]], "mean": [512.3636363636364, 672.2797202797203]}}}, "SA": {"7-8": {"max_dim": 0}, "8-9": {"max_dim": 0}, "9-10": {"max_dim": 1, "1": {"cov_matrix": 262.797279426064, "mean": 869.8976377952756}}, "10-11": {"max_dim": 0}, "11-12": {"max_dim": 1, "1": {"cov_matrix": 159.96440305817973, "mean": 973.3148148148148}}, "12-13": {"max_dim": 1, "1": {"cov_matrix": 170.08488359242324, "mean": 975.3409090909091}}, "13-14": {"max_dim": 1, "1": {"cov_matrix": 146.0580644783614, "mean": 985.2384615384616}}, "14-15": {"max_dim": 1, "1": {"cov_matrix": 197.92094024873384, "mean": 959.6060606060606}}, "15-16": {"max_dim": 1, "1": {"cov_matrix": 212.82956515831228, "mean": 875.7197802197802}}, "16-17": {"max_dim": 1, "1": {"cov_matrix": 250.34852046566286, "mean": 880.1111111111111}}, "17-18": {"max_dim": 1, "1": {"cov_matrix": 237.89853571464144, "mean": 877.4430379746835}}, "18-19": {"max_dim": 1, "1": {"cov_matrix": 303.185478227723, "mean": 866.5424528301887}}, "19-20": {"max_dim": 1, "1": {"cov_matrix": 206.0061657404091, "mean": 891.7267759562842}}, "20-21": {"max_dim": 1, "1": {"cov_matrix": 187.80071909546223, "mean": 1013.5182926829268}}, "21-22": {"max_dim": 0}, "22-23": {"max_dim": 0}}, "FE": {"7-8": {"max_dim": 0}, "8-9": {"max_dim": 0}, "9-10": {"max_dim": 0}, "10-11": {"max_dim": 0}, "11-12": {"max_dim": 0}, "12-13": {"max_d