{"1": {"LA": {"7-8": {"max_dim": 3, "1": {"cov_matrix": 329.3278764848689, "mean": 942.3660985599155}, "2": {"cov_matrix": [[96742.37089259544, -27128.1466878157], [-27128.1466878157, 61332.45570326076]], "mean": [839.1781946072684, 846.1715513872606]}, "3": {"cov_matrix": [[70521.35342830009, 6786.3777682811005, -35826.70493827162], [6786.3777682811005, 32606.974605887932, -27437.93086419751], [-35826.70493827162, -27437.93086419751, 76953.24691358022]], "mean": [566.4523076923077, 847.6707692307692, 720.2]}}, "8-9": {"max_dim": 4, "1": {"cov_matrix": 330.82065967096423, "mean": 793.2900994379594}, "2": {"cov_matrix": [[95742.65883326958, -31054.353524038837], [-31054.353524038837, 88483.11976474035]], "mean": [737.3049152542372, 766.6633898305084]}, "3": {"cov_matrix": [[86698.48343039023, -33776.230861971664, -10088.544135849732], [-33776.230861971664, 88984.93409171094, -29104.728256961156], [-10088.544135849732, -29104.728256961156, 67460.12363647285]], "mean": [653.1924577373212, 699.1176853055916, 647.6261378413524]}, "4": {"cov_matrix": [[86472.4384182841, 2263.730409940147, -9310.741746780344, -17441.365817159443], [2263.730409940147, 75850.79629965531, -19480.27516778524, -15904.148603301286], [-9310.741746780344, -19480.27516778524, 56817.31625249411, -10677.81611645202], [-17441.365817159443, -15904.148603301286, -10677.81611645202, 30499.287774351542]], "mean": [585.6711409395973, 560.3489932885906, 564.1677852348994, 617.7114093959732]}}, "9-10": {"max_dim": 4, "1": {"cov_matrix": 332.7651483235963, "mean": 748.0580640232256}, "2": {"cov_matrix": [[98136.81192682889, -15249.859053631937], [-15249.859053631937, 87742.66930625906]], "mean": [683.4526386105545, 730.3902471609887]}, "3": {"cov_matrix": [[92182.17653927319, -25299.2486399563, -18378.368364630693], [-25299.2486399563, 75125.31220822441, -12564.717972039649], [-18378.368364630693, -12564.717972039649, 64222.296774242495]], "mean": [568.9712005551701, 654.3213046495489, 641.5631505898682]}, "4": {"cov_matrix": [[86555.2151696813, -18033.482344130876, -16273.711087167494, -13045.465731337348], [-18033.482344130876, 72979.15073015293, -8650.843347623088, -11707.83520934107], [-16273.711087167494, -8650.843347623088, 53356.29626403186, -20049.402749440258], [-13045.465731337348, -11707.83520934107, -20049.402749440258, 50704.4648219894]], "mean": [503.6837016574586, 576.0055248618785, 601.6850828729282, 545.4640883977901]}}, "10-11": {"max_dim": 4, "1": {"cov_matrix": 341.47101265505523, "mean": 706.6374346513511}, "2": {"cov_matrix": [[101943.15129769109, -23621.029327077413], [-23621.029327077413, 90827.1767156744]], "mean": [656.38, 683.4572839506172]}, "3": {"cov_matrix": [[94110.19959571169, -33208.82770320908, -15841.373780261769], [-33208.82770320908, 83788.3171692053, -21805.873478016292], [-15841.373780261769, -21805.873478016292, 82309.1431192425]], "mean": [574.7155147691425, 639.6871236019501, 601.2328649268712]}, "4": {"cov_matrix": [[96790.90774374137, -27865.423855224504, -27449.552458802973, -15618.830980545321], [-27865.423855224504, 73554.23048022913, -24960.99081203735, -8644.07413607112], [-27449.552458802973, -24960.99081203735, 90242.65719971729, -15616.848882193208], [-15618.830980545321, -8644.07413607112, -15616.848882193208, 59031.90170367891]], "mean": [540.9762931034483, 606.0948275862069, 562.3577586206897, 500.3491379310345]}}, "11-12": {"max_dim": 5, "1": {"cov_matrix": 339.67192208246644, "mean": 726.3718938649446}, "2": {"cov_matrix": [[105661.29439057011, -13941.660238552757], [-13941.660238552757, 100658.57474005781]], "mean": [666.9488604150131, 715.5787504252182]}, "3": {"cov_matrix": [[102919.45295959106, -22067.083789244844, -18581.486668194306], [-22067.083789244844, 94381.04267947533, -17758.647698938], [-18581.486668194306, -17758.647698938, 81868.74073549848]], "mean": [584.26490547746, 644.4086282113427, 636.150508967523]}, "4": {"cov_matrix": [[101492.23035286805, -17658.983765509944, -25287.04073241599, -12652.906543866384], [-17658.983765509944, 95297.8401581602, -19000.323141092416, -20505.505501799977], [-25287.04073241599, -19000.323141092416, 79210.67491731084, -18828.57545730314], [-12652.906543866384, -20505.505501799977, -18828.57545730314, 71846.7658895711]], "mean": [527.0702702702703, 582.047972972973, 597.8581081081081, 549.670945945946]}, "5": {"cov_matrix": [[74616.68384115027, -20876.661946406908, -30785.549344869436, 1587.993433133111, -18218.57525442719], [-20876.661946406908, 81084.4857614142, -17926.10130403658, -17185.17606050232, 291.9825091033586], [-30785.549344869436, -17926.10130403658, 83228.64566929123, -20639.857240671012, -18869.412592200675], [1587.993433133111, -17185.17606050232, -20639.857240671012, 71683.98039276706, -8865.572313342243], [-18218.57525442719, 291.9825091033586, -18869.412592200675, -8865.572313342243, 67418.49393109459]], "mean": [538.1535433070866, 545.8582677165355, 527.2047244094488, 506.40157480314963, 450.98818897637796]}}, "12-13": {"max_dim": 5, "1": {"cov_matrix": 379.45371134592386, "mean": 718.6532110091744}, "2": {"cov_matrix": [[131249.9401461354, -26300.014997678216], [-26300.014997678216, 129206.44671742893]], "mean": [652.2575895914175, 704.0059347181009]}, "3": {"cov_matrix": [[119818.06921769388, -44689.10933367574, -25350.071486383982], [-44689.10933367574, 127916.0721297263, -33991.144268051634], [-25350.071486383982, -33991.144268051634, 119553.24702082391]], "mean": [575.4838631400146, 623.9029361805387, 642.7590390681873]}, "4": {"cov_matrix": [[122655.17596026025, -39657.803757790374, -38957.79706184026, -1803.8520759837154], [-39657.803757790374, 125561.8949704482, -55007.028139732756, -21040.810312075988], [-38957.79706184026, -55007.028139732756, 144934.22460087852, -32447.575658073263], [-1803.8520759837154, -21040.810312075988, -32447.575658073263, 104337.16434192675]], "mean": [536.631186440678, 571.4508474576271, 607.8623728813559, 530.16]}, "5": {"cov_matrix": [[97086.1327720533, -34470.690190165034, -30920.46115439388, 455.20232889335335, -14669.766683421294], [-34470.690190165034, 137820.55839825756, -66399.48941945212, -38924.700578034666, 14958.599514115784], [-30920.46115439388, -66399.48941945212, 157007.56645723383, -42596.49317248891, -8203.139398508818], [455.20232889335335, -38924.700578034666, -42596.49317248891, 138947.33829270335, -37379.46720281479], [-14669.766683421294, 14958.599514115784, -8203.139398508818, -37379.46720281479, 58658.63229454637]], "mean": [498.28034682080926, 544.6300578034682, 625.485549132948, 514.971098265896, 407.8815028901734]}}, "13-14": {"max_dim": 5, "1": {"cov_matrix": 390.60560756362275, "mean": 723.9823938761308}, "2": {"cov_matrix": [[148180.1410098259, -33780.48458164417], [-33780.48458164417, 129135.04044658958]], "mean": [661.5065969062784, 729.8958143767061]}, "3": {"cov_matrix": [[142019.43862183558, -50009.36071150345, -22480.432144758102], [-50009.36071150345, 129947.33665805543, -34392.192338141795], [-22480.432144758102, -34392.192338141795, 117206.44411937198]], "mean": [579.3360426720853, 658.3837947675895, 665.8676657353315]}, "4": {"cov_matrix": [[135664.94551836362, -39552.4548541535, -32882.2072593768, -14211.738778090079], [-39552.4548541535, 142790.03746352164, -51688.8227047163, -14595.743702847005], [-32882.2072593768, -51688.8227047163, 122599.93294960936, -29115.84416681236], [-14211.738778090079, -14595.743702847005, -29115.84416681236, 88208.58554848775]], "mean": [481.9032786885246, 648.7418032786885, 597.5622950819672, 537.8426229508196]}, "5": {"cov_matrix": [[106737.30799086746, -38255.971917808216, -45686.91940639267, -6799.2799086758, 5694.90799086758], [-38255.971917808216, 145804.3057492735, -65742.52924449978, -13235.181859692817, -6214.0247198007455], [-45686.91940639267, -65742.52924449978, 176143.1085720216, -37177.57870485678, -21918.672914072205], [-6799.2799086758, -13235.181859692817, -37177.57870485678, 87850.92411789126, -10260.149813200496], [5694.90799086758, -6214.0247198007455, -21918.672914072205, -10260.149813200496, 46792.934225819874]], "mean": [320.95, 624.0136363636364, 729.9681818181818, 438.6090909090909, 419.80454545454546]}}, "14-15": {"max_dim": 4, "1": {"cov_matrix": 371.24100346652335, "mean": 769.4728782568947}, "2": {"cov_matrix": [[130927.59602013309, -28770.3381654194], [-28770.3381654194, 117917.7450658043]], "mean": [689.5832455216017, 780.9794520547945]}, "3": {"cov_matrix": [[112979.4964891012, -42726.93002687999, -18893.068526577772], [-42726.93002687999, 123867.3604345904, -30904.651430041315], [-18893.068526577772, -30904.651430041315, 101919.8637949973]], "mean": [558.9133631713555, 697.1505754475703, 708.4565217391304]}, "4": {"cov_matrix": [[105123.72421590674, -37221.33371467565, -30049.260711036164, -9768.787538803233], [-37221.33371467565, 122054.39588685507, -53277.67598613787, -16076.727086009418], [-30049.260711036164, -53277.67598613787, 138083.61091843288, -36054.231767822734], [-9768.787538803233, -16076.727086009418, -36054.231767822734, 77196.68479180046]], "mean": [535.6878612716763, 566.2543352601156, 674.01387283237, 583.1872832369942]}}, "15-16": {"max_dim": 4, "1": {"cov_matrix": 338.42334155209477, "mean": 797.0906862745098}, "2": {"cov_matrix": [[105930.72990451563, -13644.758266982546], [-13644.758266982546, 97241.39006232533]], "mean": [737.9241418279418, 786.7467156378019]}, "3": {"cov_matrix": [[113539.31421259636, -26078.842273792405, -31366.831310722533], [-26078.842273792405, 88586.08058153446, -13879.444243197559], [-31366.831310722533, -13879.444243197559, 82681.67084761044]], "mean": [625.2470071827614, 698.7138866719872, 704.7422186751795]}, "4": {"cov_matrix": [[102707.2780036969, -7104.669086739231, -31783.465602108576, -28838.747651810772], [-7104.669086739231, 97962.04879167525, -25187.995382350924, -24121.32251660164], [-31783.465602108576, -25187.995382350924, 74376.70195796536, 3774.5195385773995], [-28838.747651810772, -24121.32251660164, 3774.5195385773995, 63328.074799753565]], "mean": [518.8872458410351, 646.4048059149723, 654.271719038817, 593.6765249537892]}}, "16-17": {"max_dim": 4, "1": {"cov_matrix": 318.8670976745685, "mean": 781.6063758138142}, "2": {"cov_matrix": [[98541.1778080094, -14398.62021472382], [-14398.62021472382, 81844.45672017125]], "mean": [721.2960713362626, 794.6545619023003]}, "3": {"cov_matrix": [[88022.52847277992, -18844.106635917396, -19090.739378463808], [-18844.106635917396, 70903.2896735656, -15322.194887307789], [-19090.739378463808, -15322.194887307789, 69791.46434050796]], "mean": [591.9444627012816, 736.9562931317779, 725.4071639829116]}, "4": {"cov_matrix": [[92840.95240231036, -13519.090755054538, -22395.425852557295, -10215.557377866156], [-13519.090755054538, 70260.78337345074, -17357.258647669452, -12536.084767343922], [-22395.425852557295, -17357.258647669452, 62145.87001210997, -16377.595434588678], [-10215.557377866156, -12536.084767343922, -16377.595434588678, 51842.23948101525]], "mean": [478.1324921135647, 637.910094637224, 688.5662460567823, 624.4621451104101]}}, "17-18": {"max_dim": 4, "1": {"cov_matrix": 375.90159844457924, "mean": 754.4491122963395}, "2": {"cov_matrix": [[139641.6782683896, -35662.6639583294], [-35662.6639583294, 115389.42623674173]], "mean": [692.538825286212, 766.783349925336]}, "3": {"cov_matrix": [[135836.7600023059, -48869.078556631626, -23661.611181279244], [-48869.078556631626, 123244.8508162624, -28903.811746591393], [-23661.611181279244, -28903.811746591393, 96363.9752214759]], "mean": [604.4396341463415, 696.6106707317073, 708.5804878048781]}, "4": {"cov_matrix": [[126746.8525730181, -49419.1374594344, -16740.486091794133, 7254.181038479363], [-49419.1374594344, 129697.3398161026, -33849.04809921187, -14500.351885334574], [-16740.486091794133, -33849.04809921187, 105516.7131432544, -33227.078697264704], [7254.181038479363, -14500.351885334574, -33227.078697264704, 77988.9244243548]], "mean": [542.9166666666666, 620.1694444444445, 623.7916666666666, 626.3361111111111]}}, "18-19": {"max_dim": 4, "1": {"cov_matrix": 344.1319512129899, "mean": 774.482250174703}, "2": {"cov_matrix": [[105676.51487910123, -9316.706626787365], [-9316.706626787365, 100320.31261261376]], "mean": [715.7301965455629, 754.4395473496129]}, "3": {"cov_matrix": [[108850.82533937242, -20722.866468274366, -34826.00951752561], [-20722.866468274366, 89903.05868347819, -12340.88733667932], [-34826.00951752561, -12340.88733667932, 99241.98718929286]], "mean": [617.2679234504427, 695.6755212796344, 675.4950014281634]}, "4": {"cov_matrix": [[120443.94550326893, -17228.79834504415, -36644.36822321926, -30967.84550352343], [-17228.79834504415, 103495.63605477668, -19377.65787357389, -23344.16336294762], [-36644.36822321926, -19377.65787357389, 91246.63330118258, -10230.171196184667], [-30967.84550352343, -23344.16336294762, -10230.171196184667, 63025.378636996385]], "mean": [561.4937993235626, 645.4847801578354, 642.0462232243517, 577.7970687711387]}}, "19-20": {"max_dim": 5, "1": {"cov_matrix": 379.4371845628426, "mean": 767.417604595203}, "2": {"cov_matrix": [[128628.5611641054, -27745.43327485636], [-27745.43327485636, 124378.89013273732]], "mean": [670.5915691526858, 760.5754969688426]}, "3": {"cov_matrix": [[119755.76933514721, -29534.40417286897, -26705.36642301847], [-29534.40417286897, 111859.35221716833, -30026.035346030483], [-26705.36642301847, -30026.035346030483, 105214.83204131189]], "mean": [548.7025179856115, 671.8280575539568, 674.5413669064748]}, "4": {"cov_matrix": [[119754.97071872227, -23513.920644779653, -26656.68204673175, -21538.451789411418], [-23513.920644779653, 96638.54032645667, -24726.528312629394, -19634.04369454304], [-26656.68204673175, -24726.528312629394, 115540.30780834069, -36383.55685448092], [-21538.451789411418, -19634.04369454304, -36383.55685448092, 108883.08038856844]], "mean": [485.6304347826087, 565.9497282608696, 661.4510869565217, 566.6725543478261]}, "5": {"cov_matrix": [[78982.03333333331, -33369.07913165266, -15631.713445378145, -19597.215266106432, 6470.399019607832], [-33369.07913165266, 92854.25875350136, -13301.615546218487, -8814.363095238094, -18738.680322128857], [-15631.713445378145, -13301.615546218487, 82137.47647058823, 525.1626050420164, -22909.915546218475], [-19597.215266106432, -8814.363095238094, 525.1626050420164, 122609.30749299722, -62546.19796918768], [6470.399019607832, -18738.680322128857, -22909.915546218475, -62546.19796918768, 78464.02514005602]], "mean": [379.51666666666665, 606.9583333333334, 578.95, 615.5583333333333, 496.0083333333333]}}, "20-21": {"max_dim": 4, "1": {"cov_matrix": 402.27582237341045, "mean": 847.2544950353341}, "2": {"cov_matrix": [[135492.9643297449, -37583.45376088131], [-37583.45376088131, 129931.65260426952]], "mean": [728.6452145214521, 810.3445177851119]}, "3": {"cov_matrix": [[124505.57993833166, -40609.73979152837, -26174.10123694352], [-40609.73979152837, 123368.8766215142, -36593.420745548254], [-26174.10123694352, -36593.420745548254, 89972.67720050272]], "mean": [608.006101281269, 722.6778523489933, 666.4826113483832]}, "4": {"cov_matrix": [[97731.29271644527, -41580.57540082456, -15254.20714612918, 905.7287219422759], [-41580.57540082456, 106768.65138570775, -25892.61030691708, -37063.09452588182], [-15254.20714612918, -25892.61030691708, 79735.05304626659, -26608.114704535048], [905.7287219422759, -37063.09452588182, -26608.114704535048, 96467.97301878151]], "mean": [388.9054054054054, 721.902027027027, 680.0675675675676, 584.1418918918919]}}, "21-22": {"max_dim": 3, "1": {"cov_matrix": 382.77376477259594, "mean": 952.5532668881506}, "2": {"cov_matrix": [[129359.15011005531, -34554.0636434608], [-34554.0636434608, 119794.13906020335]], "mean": [776.1073080481036, 931.8199198273204]}, "3": {"cov_matrix": [[169147.492161012, -48777.985914851975, -50697.83420180369], [-48777.985914851975, 111451.76711341698, -10918.219620603613], [-50697.83420180369, -10918.219620603613, 95664.35335366084]], "mean": [624.0700389105058, 755.715953307393, 715.7762645914397]}}, "22-23": {"max_dim": 2, "1": {"cov_matrix": 399.299006793237, "mean": 1102.4277576385293}, "2": {"cov_matrix": [[148057.19780056138, -89558.52968669454], [-89558.52968669454, 162072.13474262148]], "mean": [852.0632911392405, 1023.9900542495479]}}}, "SA": {"7-8": {"max_dim": 1, "1": {"cov_matrix": 295.600253011688, "mean": 1447.7483443708609}}, "8-9": {"max_dim": 1, "1": {"cov_matrix": 307.70466351580853, "mean": 1400.8909657320871}}, "9-10": {"max_dim": 1, "1": {"cov_matrix": 318.57452415749714, "mean": 1130.3562653562653}}, "10-11": {"max_dim": 2, "1": {"cov_matrix": 344.2265960688522, "mean": 1019.7632311977716}, "2": {"cov_matrix": [[61482.984570475404, -13864.688073394494], [-13864.688073394494, 12398.63853211009]], "mean": [784.2272727272727, 914.2]}}, "11-12": {"max_dim": 2, "1": {"cov_matrix": 416.49039702108064, "mean": 1116.818888888889}, "2": {"cov_matrix": [[127167.05023923457, -63470.72188995218], [-63470.72188995218, 78604.5961998528]], "mean": [869.1770334928229, 1052.3014354066986]}}, "12-13": {"max_dim": 2, "1": {"cov_matrix": 458.19512655773246, "mean": 1001.3353893600616}, "2": {"cov_matrix": [[142891.83426972898, -75611.09389618934], [-75611.09389618934, 119849.17448694138]], "mean": [802.1985472154963, 944.1912832929783]}}, "13-14": {"max_dim": 2, "1": {"cov_matrix": 410.60821340944074, "mean": 1007.5}, "2": {"cov_matrix": [[98821.91542330167, -24978.362610954995], [-24978.362610954995, 113406.43092354698]], "mean": [790.8938679245283, 764.813679245283]}}, "14-15": {"max_dim": 2, "1": {"cov_matrix": 524.0445542584225, "mean": 1056.202874049028}, "2": {"cov_matrix": [[222119.58149042603, -124234.40686562013], [-124234.40686562013, 256191.87993789883]], "mean": [699.0615835777126, 880.7302052785924]}}, "15-16": {"max_dim": 2, "1": {"cov_matrix": 492.6848882344629, "mean": 1120.1469979296066}, "2": {"cov_matrix": [[156445.52398307578, -63635.71718822004], [-63635.71718822004, 146147.59838297524]], "mean": [799.3926940639269, 831.283105022831]}}, "16-17": {"max_dim": 2, "1": {"cov_matrix": 475.93046347665336, "mean": 1124.6136363636363}, "2": {"cov_matrix": [[126761.50912096989, -109299.7271700193], [-109299.7271700193, 167387.93436208315]], "mean": [852.282722513089, 988.4659685863875]}}, "17-18": {"max_dim": 2, "1": {"cov_matrix": 438.03954900696294, "mean": 1111.7799819657348}, "2": {"cov_matrix": [[166498.57156862743, -43260.50955882353], [-43260.50955882353, 112234.39258578431]], "mean": [921.59375, 836.4140625]}}, "18-19": {"max_dim": 2, "1": {"cov_matrix": 421.0224698509966, "mean": 987.4353598881901}, "2": {"cov_matrix": [[155722.92604346786, -53716.06108691369], [-53716.06108691369, 131990.39488717198]], "mean": [831.4392523364486, 873.1121495327103]}}, "19-20": {"max_dim": 3, "1": {"cov_matrix": 385.7479200810067, "mean": 922.5215231788079}, "2": {"cov_matrix": [[97436.67411927317, -23796.45329272673], [-23796.45329272673, 129084.07499646294]], "mean": [794.6446837146702, 850.3055181695828]}, "3": {"cov_matrix": [[126159.03237250556, 4987.787694013302, -92554.54456762751], [4987.787694013302, 73123.59940872135, -43177.377124907616], [-92554.54456762751, -43177.377124907616, 168740.46326681448]], "mean": [752.3454545454546, 801.2424242424242, 620.3212121212122]}}, "20-21": {"max_dim": 3, "1": {"cov_matrix": 446.4701189737202, "mean": 906.3632604843473}, "2": {"cov_matrix": [[198991.382658724, -43067.46251598129], [-43067.46251598129, 150666.35113636896]], "mean": [748.9862385321101, 822.1085626911315]}, "3": {"cov_matrix": [[162998.7658805032, -98839.08962264152, -26217.456210691842], [-98839.08962264152, 172214.6635220126, 3023.4473270440158], [-26217.456210691842, 3023.4473270440158, 128911.95908018875]], "mean": [562.0375, 664.875, 748.75625]}}, "21-22": {"max_dim": 2, "1": {"cov_matrix": 436.7476196876544, "mean": 1024.9198675496689}, "2": {"cov_matrix": [[165829.4254732052, -66651.32964612484], [-66651.32964612484, 129633.13620564464]], "mean": [763.7912087912088, 994.2351648351648]}}, "22-23": {"max_dim": 2, "1": {"cov_matrix": 485.71550468070393, "mean": 1236.7223427331887}, "2": {"cov_matrix": [[311310.8247943597, -117657.8962984724], [-117657.8962984724, 161698.85076380722]], "mean": [877.1513513513513, 926.6756756756756]}}}, "FE": {"7-8": {"max_dim": 0}, "8-9": {"max_dim": 1, "1": {"cov_matrix": 307.14995771578856, "mean": 1404.7305194805194}}, "9-10": {"max_dim": 1, "1": {"cov_matrix": 263.78196504902616, "mean": 1249.9070247933885}}, "10-11": {"max_dim": 1, "1": {"cov_matrix": 290.06746800466556, "mean": 1285.4913793103449}}, "11-12": {"max_dim": 1, "1": {"cov_matrix": 465.04838572419743, "mean": 1237.222958057395}}, "12-13": {"max_dim": 1, "1": {"cov_matrix": 486.0186486118516, "mean": 1183.996383363472}}, "13-14": {"max_dim": 1, "1": {"cov_matrix": 433.5104918550719, "mean": 1189.2464788732395}}, "14-15": {"max_dim": 1, "1": {"cov_matrix": 501.47605525323235, "mean": 1161.8070796460177}}, "15-16": {"max_dim": 1, "1": {"cov_matrix": 517.7961393056083, "mean": 1043.5067961165048}}, "16-17": {"max_dim": 1, "1": {"cov_matrix": 538.2616269719717, "mean": 1071.8226415094339}}, "17-18": {"max_dim": 2, "1": {"cov_matrix": 382.717185858685, "mean": 1101.5880102040817}, "2": {"cov_matrix": [[105527.40130117425, -30237.208346556643], [-30237.208346556643, 123938.96651856558]], "mean": [973.7173913043479, 869.9347826086956]}}, "18-19": {"max_dim": 2, "1": {"cov_matrix": 462.46477029387927, "mean": 1079.2455315145814}, "2": {"cov_matrix": [[166023.80269244144, -68815.8373439213], [-68815.8373439213, 85546.81031255847]], "mean": [867.5364963503649, 830.6094890510949]}}, "19-20": {"max_dim": 2, "1": {"cov_matrix": 368.46790301809807, "mean": 1060.571}, "2": {"cov_matrix": [[59226.189281566236, -31281.066633482664], [-31281.066633482664, 82333.71197942599]], "mean": [879.7479674796748, 877.849593495935]}}, "20-21": {"max_dim": 2, "1": {"cov_matrix": 408.72343642528676, "mean": 1086.840758293839}, "2": {"cov_matrix": [[142042.76274407248, -51304.60197001392], [-51304.60197001392, 118102.85061018125]], "mean": [927.3458333333333, 798.1791666666667]}}, "21-22": {"max_dim": 2, "1": {"cov_matrix": 437.24420843765455, "mean": 1144.4905660377358}, "2": {"cov_matrix": [[110625.31581670362, -1525.793791574277], [-1525.793791574277, 80198.25942350332]], "mean": [722.260606060606, 871.8181818181819]}}, "22-23": {"max_dim": 1, "1": {"cov_matrix": 322.2291535475638, "mean": 1313.6714975845412}}}}, "44": {"LA": {"7-8": {"max_dim": 3, "1": {"cov_matrix": 289.71793237198415, "mean": 690.1412684099789}, "2": {"cov_matrix": [[40701.19454384115, -8146.669692196775], [-8146.669692196775, 46031.187378403854]], "mean": [562.7336842105263, 526.0136842105263]}, "3": {"cov_matrix": [[14861.78280290341, -4564.703619105632, -6142.679280239584], [-4564.703619105632, 18007.278056951425, 1182.9679711689764], [-6142.679280239584, 1182.9679711689764, 29968.321963352122]], "mean": [477.00502512562815, 494.31658291457285, 388.49748743718595]}}, "8-9": {"max_dim": 3, "1": {"cov_matrix": 303.3361290226695, "mean": 689.31184302733}, "2": {"cov_matrix": [[41200.78744053197, -15025.09929681082], [-15025.09929681082, 56236.25051474646]], "mean": [552.1198786039454, 554.1631259484067]}, "3": {"cov_matrix": [[16690.716252135935, -10292.836814125689, -555.0230681602445], [-10292.836814125689, 21094.04140877159, -10438.738010252513], [-555.0230681602445, -10438.738010252513, 62563.07805202203]], "mean": [429.0652173913044, 509.7086956521739, 462.5521739130435]}}, "9-10": {"max_dim": 3, "1": {"cov_matrix": 296.9673556982956, "mean": 664.5879253567508}, "2": {"cov_matrix": [[50426.05803940207, -18360.803170227427], [-18360.803170227427, 48537.86081323225]], "mean": [482.12818745692624, 571.7236388697451]}, "3": {"cov_matrix": [[34626.96916234248, -12355.7133432172, -5624.865011119347], [-12355.7133432172, 36013.253471707416, -15211.984210526312], [-5624.865011119347, -15211.984210526312, 25198.58554484804]], "mean": [341.4947368421053, 493.6070175438596, 469.5578947368421]}}, "10-11": {"max_dim": 3, "1": {"cov_matrix": 269.6564534561168, "mean": 710.00563813429}, "2": {"cov_matrix": [[42945.93045646911, -7837.450917636272], [-7837.450917636272, 34962.475233860845]], "mean": [536.1099221789883, 584.4698443579766]}, "3": {"cov_matrix": [[22787.602512934216, -9518.964781966, -1660.513968957872], [-9518.964781966, 18448.519807834447, -3808.7635254988913], [-1660.513968957872, -3808.7635254988913, 7474.515742793786]], "mean": [351.75151515151515, 533.8969696969697, 507.1636363636364]}}, "11-12": {"max_dim": 3, "1": {"cov_matrix": 307.5707112906087, "mean": 754.3322590096689}, "2": {"cov_matrix": [[48735.473553880154, -12862.679234368903], [-12862.679234368903, 41590.164071233594]], "mean": [514.9694267515923, 552.9783439490446]}, "3": {"cov_matrix": [[40368.89413899717, -19752.552560828062, -4883.269693507195], [-19752.552560828062, 31470.36510283641, -6818.040328001077], [-4883.269693507195, -6818.040328001077, 11197.236927006314]], "mean": [397.9653179190751, 481.8265895953757, 488.76878612716763]}}, "12-13": {"max_dim": 3, "1": {"cov_matrix": 303.5412946317877, "mean": 735.1639196883428}, "2": {"cov_matrix": [[46779.83935611038, -18576.14631544367], [-18576.14631544367, 47210.99554256866]], "mean": [507.2641261498029, 550.4139290407359]}, "3": {"cov_matrix": [[30802.14822167078, -19043.167245657565, -1360.665343258892], [-19043.167245657565, 36021.406575682384, -17986.789454094294], [-1360.665343258892, -17986.789454094294, 23209.66199338297]], "mean": [398.8205128205128, 510.78846153846155, 453.3525641025641]}}, "13-14": {"max_dim": 3, "1": {"cov_matrix": 291.26457124140387, "mean": 738.5204610951008}, "2": {"cov_matrix": [[42701.56467054297, -19891.733922391824], [-19891.733922391824, 39659.39038768949]], "mean": [521.5629139072847, 557.4079470198676]}, "3": {"cov_matrix": [[21828.1854460094, -12989.681650184797, 4706.115772650086], [-12989.681650184797, 22485.129957047247, -14345.078413744875], [4706.115772650086, -14345.078413744875, 20398.891219658377]], "mean": [367.0774647887324, 556.4647887323944, 470.7887323943662]}}, "14-15": {"max_dim": 3, "1": {"cov_matrix": 262.0664230982275, "mean": 711.7459602649006}, "2": {"cov_matrix": [[46018.61599353575, -6033.534320774615], [-6033.534320774615, 27050.22545982443]], "mean": [499.92397660818716, 541.7029239766082]}, "3": {"cov_matrix": [[32158.996817390253, -14932.818711343294, 971.0056446285962], [-14932.818711343294, 17654.03789107068, -6840.227916891852], [971.0056446285962, -6840.227916891852, 8684.54068336036]], "mean": [345.24043715846994, 510.56830601092895, 476.1584699453552]}}, "15-16": {"max_dim": 3, "1": {"cov_matrix": 307.9229715969072, "mean": 759.5337023770759}, "2": {"cov_matrix": [[37617.24905344845, -12695.445264423763], [-12695.445264423763, 26348.443507548924]], "mean": [504.2756508422665, 518.7350689127105]}, "3": {"cov_matrix": [[28722.34579439254, -20821.58722741433, 3646.3489096573217], [-20821.58722741433, 26434.769383869836, -4832.360505365177], [3646.3489096573217, -4832.360505365177, 4916.552094150225]], "mean": [383.8333333333333, 515.3425925925926, 479.9074074074074]}}, "16-17": {"max_dim": 2, "1": {"cov_matrix": 307.9392061876021, "mean": 803.7645532072673}, "2": {"cov_matrix": [[33214.42451450031, -14055.780158071746], [-14055.780158071746, 27557.10195716365]], "mean": [522.3902953586498, 534.6054852320675]}}, "17-18": {"max_dim": 2, "1": {"cov_matrix": 319.23386334248386, "mean": 808.799175721244}, "2": {"cov_matrix": [[67626.44608680054, -33819.751717067775], [-33819.751717067775, 46881.76421014882]], "mean": [636.4003944773176, 540.8441814595661]}}, "18-19": {"max_dim": 2, "1": {"cov_matrix": 271.1310450210956, "mean": 781.2230031948882}, "2": {"cov_matrix": [[32983.269950048736, -12722.120930037772], [-12722.120930037772, 31921.68449226365]], "mean": [538.411306042885, 571.6062378167642]}}, "19-20": {"max_dim": 2, "1": {"cov_matrix": 256.1563800975627, "mean": 763.228664495114}, "2": {"cov_matrix": [[21382.80965116754, -2857.9778636568108], [-2857.9778636568108, 22564.38840224103]], "mean": [544.7191919191919, 574.4383838383839]}}, "20-21": {"max_dim": 2, "1": {"cov_matrix": 250.25010074977322, "mean": 850.3930174563591}, "2": {"cov_matrix": [[38426.42121713549, 1071.8243243243246], [1071.8243243243246, 24387.526889134042]], "mean": [526.7972972972973, 648.9391891891892]}}, "21-22": {"max_dim": 1, "1": {"cov_matrix": 221.45793238354477, "mean": 957.3427561837456}}, "22-23": {"max_dim": 1, "1": {"cov_matrix": 253.76987802326573, "mean": 995.8264705882353}}}, "SA": {"7-8": {"max_dim": 0}, "8-9": {"max_dim": 0}, "9-10": {"max_dim": 1, "1": {"cov_matrix": 250.24452139051047, "mean": 1028.9354838709678}}, "10-11": {"max_dim": 1, "1": {"cov_matrix": 258.5662119562869, "mean": 982.7430555555555}}, "11-12": {"max_dim": 1, "1": {"cov_matrix": 261.004087148992, "mean": 914.9245283018868}}, "12-13": {"max_dim": 1, "1": {"cov_matrix": 288.01963837576335, "mean": 902.797619047619}}, "13-14": {"max_dim": 1, "1": {"cov_matrix": 295.3008720658547, "mean": 930.5689655172414}}, "14-15": {"max_dim": 1, "1": {"cov_matrix": 263.0071286011383, "mean": 783.4276315789474}}, "15-16": {"max_dim": 1, "1": {"cov_matrix": 222.56167765744866, "mean": 873.252427184466}}, "16-17": {"max_dim": 0}, "17-18": {"max_dim": 1, "1": {"cov_matrix": 344.1495632258639, "mean": 900.616858237548}}, "18-19": {"max_dim": 1, "1": {"cov_matrix": 273.70374838236944, "mean": 837.0948905109489}}, "19-20": {"max_dim": 1, "1": {"cov_matrix": 274.2441797976948, "mean": 895.9550561797753}}, "20-21": {"max_dim": 1, "1": {"cov_matrix": 288.8804646789037, "mean": 945.5495495495495}}, "21-22": {"max_dim": 1, "1": {"cov_matrix": 279.6489483080769, "mean": 1058.0048780487805}}, "22-23": {"max_dim": 1, "1": {"cov_matrix": 189.96354402623209, "mean": 1043.7018633540372}}}, "FE": {"7-8": {"max_dim": 1, "1": {"cov_matrix": 244.23920540143132, "mean": 1174.7570093457944}}, "8-9": {"max_dim": 0}, "9-10": {"max_dim": 1, "1": {"cov_matrix": 208.07928056132013, "mean": 1080.923076923077}}, "10-11": {"max_dim": 1, "1": {"cov_matrix": 271.5261658726492, "mean": 923.1916666666667}}, "11-12": {"max_dim": 1, "1": {"cov_matrix": 220.5439583141914, "mean": 948.3728813559322}}, "12-13": {"max_dim": 1, "1": {"cov_matrix": 223.69239738204084, "mean": 915.0245901639345}}, "13-14": {"max_dim": 1, "1": {"cov_matrix": 179.9981407353687, "mean": 934.4854368932039}}, "14-15": {"max_dim": 0}, "15-16": {"max_dim": 0}, "16-17": {"max_dim": 0}, "17-18": {"max_dim": 0}, "18-19": {"max_dim": 1, "1": {"cov_matrix": 221.53958938524065, "mean": 853.1504424778761}}, "19-20": {"max_dim": 1, "1": {"cov_matrix": 262.7454949333025, "mean": 878.4117647058823}}, "20-21": {"max_dim": 1, "1": {"cov_matrix": 248.31885081832294, "mean": 862.5106382978723}}, "21-22": {"max_dim": 0}, "22-23": {"max_dim": 0}}}, "82": {"LA": {"7-8": {"max_dim": 6, "1": {"cov_matrix": 329.04429001889747, "mean": 578.2660691914812}, "2": {"cov_matrix": [[69547.39417931288, -8429.875660318696], [-8429.875660318696, 58350.655998304326]], "mean": [515.8798061389338, 494.98190630048464]}, "3": {"cov_matrix": [[62233.40069801492, -14604.981594265879, 4132.562054742955], [-14604.981594265879, 48280.74213376208, -5278.907634902952], [4132.562054742955, -5278.907634902952, 40516.09635290223]], "mean": [469.9287860576923, 480.16977163461536, 424.2614182692308]}, "4": {"cov_matrix": [[63387.270761264735, -14924.151742499349, 4383.832734750835, -13229.79851272447], [-14924.151742499349, 53399.3402637517, -13762.952918038676, 3091.389111674196], [4383.832734750835, -13762.952918038676, 36605.39875713545, -4978.039234695752], [-13229.79851272447, 3091.389111674196, -4978.039234695752, 39401.30865924867]], "mean": [411.2701149425287, 470.59450830140486, 409.05619412515966, 373.9022988505747]}, "5": {"cov_matrix": [[64778.79457340412, -11011.823419557975, 1206.5960921101384, -15351.38913754784, -12796.958621434746], [-11011.823419557975, 55380.984357636764, -17552.81270835906, 1129.6059930238303, -4883.990947956539], [1206.5960921101384, -17552.81270835906, 38614.407612050876, -10995.728284356093, -1526.405621064329], [-15351.38913754784, 1129.6059930238303, -10995.728284356093, 37974.02833425937, 336.5589501790341], [-12796.958621434746, -4883.990947956539, -1526.405621064329, 336.5589501790341, 33239.34637763922]], "mean": [365.1442307692308, 429.82211538461536, 400.24038461538464, 387.33814102564105, 299.59134615384613]}, "6": {"cov_matrix": [[71031.4274201989, -12623.459549973826, 3922.546206174777, -13986.163526949234, -4714.045682888543, -8719.583150183149], [-12623.459549973826, 60730.42333856622, -23600.21517530088, -624.1387231815794, 32.10188383045512, -7005.835164835166], [3922.546206174777, -23600.21517530088, 37534.162218733654, -12618.451491365784, -779.1708006279446, 607.7728937728928], [-13986.163526949234, -624.1387231815794, -12618.451491365784, 39952.64769754055, -5623.5236787022495, -5523.723809523809], [-4714.045682888543, 32.10188383045512, -779.1708006279446, -5623.5236787022495, 21575.99484563056, 2280.2791208791205], [-8719.583150183149, -7005.835164835166, 607.7728937728928, -5523.723809523809, 2280.2791208791205, 23660.389743589752]], "mean": [343.09183673469386, 433.8673469387755, 390.6938775510204, 417.3826530612245, 296.4948979591837, 245.42857142857142]}}, "8-9": {"max_dim": 9, "1": {"cov_matrix": 18724.761016882563, "mean": 6464.2221249589675}, "2": {"cov_matrix": [[428837911.8848307, 280304908.06482786], [280304908.06482786, 424702941.72630435]], "mean": [7905.684968017057, 7842.7839628388665]}, "3": {"cov_matrix": [[496374033.07262486, 366821104.287699, 330639627.72668254], [366821104.287699, 513575632.1032772, 335852018.6153611], [330639627.72668254, 335852018.6153611, 484935247.77079237]], "mean": [9263.066802269565, 9647.019055775612, 9055.935552938658]}, "4": {"cov_matrix": [[558159129.8385295, 421035964.93662095, 422201886.5147611, 371354379.49086386], [421035964.93662095, 598334712.7271276, 453561246.1739491, 401012296.49399775], [422201886.5147611, 453561246.1739491, 590363879.5241687, 365299822.27196074], [371354379.49086386, 401012296.49399775, 365299822.27196074, 552590677.1239874]], "mean": [10597.073393053592, 11529.325946880403, 11363.184347006129, 10513.4499449945]}, "5": {"cov_matrix": [[626314617.9106492, 466741007.3873137, 474638964.5922234, 489501684.0989955, 420860945.7025063], [466741007.3873137, 673872305.1258024, 524364551.22678787, 527391582.18031776, 458470323.31258905], [474638964.5922234, 524364551.22678787, 680092227.2487395, 509136018.8455473, 456454973.56419015], [489501684.0989955, 527391582.18031776, 509136018.8455473, 672375569.9373966, 421777338.26623815], [420860945.7025063, 458470323.31258905, 456454973.56419015, 421777338.26623815, 630811763.2804135]], "mean": [12206.22440087146, 13377.204308884047, 13559.346405228758, 13356.263374485598, 12321.899297990802]}, "6": {"cov_matrix": [[705805156.349352, 526221096.72717357, 529924991.1831766, 551108312.2511461, 581397504.7841607, 508475077.5208394], [526221096.72717357, 734928362.7296058, 550116980.2230921, 565603197.9111837, 606075829.319506, 506800317.27578413], [529924991.1831766, 550116980.2230921, 731307697.6299353, 548602576.8840007, 597563569.338271, 472657409.26451355], [551108312.2511461, 565603197.9111837, 548602576.8840007, 739165529.1782584, 584894044.3830137, 493174922.4013101], [581397504.7841607, 606075829.319506, 597563569.338271, 584894044.3830137, 757928566.0208942, 494334700.16171616], [508475077.5208394, 506800317.27578413, 472657409.26451355, 493174922.4013101, 494334700.16171616, 680788484.6473901]], "mean": [14205.454376163874, 15044.814152700186, 14970.021601489758, 15171.367970204841, 15659.311731843576, 13577.05251396648]}, "7": {"cov_matrix": [[817023490.7519056, 644378594.3660359, 579834421.5119503, 602214927.342516, 675690606.8835001, 716977099.8917083, 460388915.1094279], [644378594.3660359, 860039458.3223809, 611231394.9050218, 633688086.5724754, 702597911.8490404, 734113550.3920883, 609385178.7636402], [579834421.5119503, 611231394.9050218, 821047528.0377598, 553114321.1403822, 628506767.1798058, 674260811.6208553, 484355114.8192877], [602214927.342516, 633688086.5724754, 553114321.1403822, 817884238.2693704, 620731447.6409398, 693971023.712376, 435964896.17441076], [675690606.8835001, 702597911.8490404, 628506767.1798058, 620731447.6409398, 859114123.4396961, 716665695.5182947, 516519753.9108615], [716977099.8917083, 734113550.3920883, 674260811.6208553, 693971023.712376, 716665695.5182947, 894781670.1708297, 535012452.8999664], [460388915.1094279, 609385178.7636402, 484355114.8192877, 435964896.17441076, 516519753.9108615, 535012452.8999664, 730089828.5536662]], "mean": [17448.546158812136, 18976.928340865074, 17807.125887669463, 17659.13686249193, 18948.48030987734, 20242.66623628147, 14962.721755971595]}, "8": {"cov_matrix": [[949170444.747434, 769102773.4049226, 613801207.2330315, 525665264.4634851, 685504104.2017597, 754759700.8460549, 762448410.5466647, 331402641.9585381], [769102773.4049226, 1027864079.3139441, 788591065.3073894, 703500196.4541274, 832654624.8032919, 908959164.1481129, 965839323.4113507, 469300621.94784135], [613801207.2330315, 788591065.3073894, 995034538.6598487, 553667484.8585026, 687815288.977269, 790050938.2372891, 784872498.0185468, 572127774.4268413], [525665264.4634851, 703500196.4541274, 553667484.8585026, 944139157.396517, 569288667.2826258, 718718196.1007655, 697715912.6152481, 318151585.49683034], [685504104.2017597, 832654624.8032919, 687815288.977269, 569288667.2826258, 975560264.5124233, 777170726.61842, 813750876.9891984, 304908342.39168984], [754759700.8460549, 908959164.1481129, 790050938.2372891, 718718196.1007655, 777170726.61842, 1037265451.0491447, 875542015.0014769, 499906115.1875436], [762448410.5466647, 965839323.4113507, 784872498.0185468, 697715912.6152481, 813750876.9891984, 875542015.0014769, 1025026987.5835803, 455730766.11613107], [331402641.9585381, 469300621.94784135, 572127774.4268413, 318151585.49683034, 304908342.39168984, 499906115.1875436, 455730766.11613107, 801275722.5226861]], "mean": [22702.734724292102, 27661.394932935917, 25805.573770491803, 23046.78390461997, 24316.23695976155, 28896.01043219076, 27546.001490312967, 17288.19225037258]}, "9": {"cov_matrix": [[1047447757.0560678, 674043296.0827211, 610839333.5290511, 245576434.41026652, 459052376.76765203, 583539295.4417458, 649033552.212252, 618085148.847307, 174372325.29916215], [674043296.0827211, 960446595.4182811, 822775698.1084938, 566188646.5753443, 615582899.7813125, 798063473.1653814, 875583839.8045654, 832208731.4753813, 208981996.93907472], [610839333.5290511, 822775698.1084938, 928255847.6420375, 512315644.5923138, 534340640.5429541, 725659748.774695, 803922821.6569731, 872845575.0120809, 282185864.04286325], [245576434.41026652, 566188646.5753443, 512315644.5923138, 1027795365.8271208, 235090467.84682184, 584953856.7691703, 587666710.5906744, 467042296.85186076, 497340679.98485214], [459052376.76765203, 615582899.7813125, 534340640.5429541, 235090467.84682184, 1031616751.4189783, 508996905.9771721, 618123986.2555399, 511401398.8347398, -193671488.21024823], [583539295.4417458, 798063473.1653814, 725659748.774695, 584953856.7691703, 508996905.9771721, 953889235.8204123, 764384829.324874, 736832357.1307751, 247885238.02185652], [649033552.212252, 875583839.8045654, 803922821.6569731, 587666710.5906744, 618123986.2555399, 764384829.324874, 925156434.6236414, 774180756.9786291, 252300537.16252813], [618085148.847307, 832208731.4753813, 872845575.0120809, 467042296.85186076, 511401398.8347398, 736832357.1307751, 774180756.9786291, 988002031.0177889, 264135895.3445449], [174372325.29916215, 208981996.93907472, 282185864.04286325, 497340679.98485214, -193671488.21024823, 247885238.02185652, 252300537.16252813, 264135895.3445449, 828451085.4980575]], "mean": [33096.543956043955, 42809.565934