{"1": {"LA": {"7-11": {"max_dim": 3, "1": {"cov_matrix": 330.44282939828895, "mean": 877.0660351072722}, "2": {"cov_matrix": [[94387.80406264965, -26899.95815758743], [-26899.95815758743, 73094.30903244777]], "mean": [758.6848083293895, 844.5854235683862]}, "3": {"cov_matrix": [[99967.24766488724, -21129.905101951517, -37055.81981855838], [-21129.905101951517, 60267.696137802275, -30540.74154487909], [-37055.81981855838, -30540.74154487909, 90514.1838948689]], "mean": [545.5324232081912, 749.8412969283277, 711.6365187713311]}}, "11-15": {"max_dim": 3, "1": {"cov_matrix": 355.8807830525639, "mean": 911.2557103064067}, "2": {"cov_matrix": [[118924.00665768364, -34651.25408747067], [-34651.25408747067, 92952.98430307554]], "mean": [778.9008357804382, 910.1057149311046]}, "3": {"cov_matrix": [[98949.44063331277, -48641.81401544977, -11525.847872996956], [-48641.81401544977, 101434.75083313827, -35614.55452320656], [-11525.847872996956, -35614.55452320656, 82931.9009938073]], "mean": [547.1486880466472, 771.2215743440233, 807.3411078717202]}}, "15-19": {"max_dim": 3, "1": {"cov_matrix": 324.4197790834858, "mean": 920.5673746046091}, "2": {"cov_matrix": [[95631.23514948036, -34054.74432222022], [-34054.74432222022, 87019.75498327609]], "mean": [824.9272073691305, 915.0085374073242]}, "3": {"cov_matrix": [[87545.74152931603, -21274.21040604018, -39685.303914027325], [-21274.21040604018, 80141.72988282563, -34099.57074150691], [-39685.303914027325, -34099.57074150691, 136632.8073008073]], "mean": [575.2471042471043, 789.6467181467182, 816.2509652509652]}}, "19-23": {"max_dim": 3, "1": {"cov_matrix": 373.9861109391275, "mean": 1028.9181939555772}, "2": {"cov_matrix": [[109921.32963214329, -53863.283703934816], [-53863.283703934816, 110542.04044584757]], "mean": [774.0662525879917, 978.2096273291926]}, "3": {"cov_matrix": [[79308.87838584857, -23947.734936428966, -33041.271973466], [-23947.734936428966, 92611.66113875069, -39770.08374792703], [-33041.271973466, -39770.08374792703, 101049.11442786072]], "mean": [579.4814814814815, 761.4074074074074, 696.2222222222222]}}}, "SA": {"7-11": {"max_dim": 1, "1": {"cov_matrix": 401.7640587130699, "mean": 1315.312030075188}}, "11-15": {"max_dim": 1, "1": {"cov_matrix": 472.53694938039916, "mean": 1281.6938502673797}}, "15-19": {"max_dim": 1, "1": {"cov_matrix": 497.3420067621422, "mean": 1255.8732227488151}}, "19-23": {"max_dim": 2, "1": {"cov_matrix": 429.35979424049606, "mean": 1158.7005208333333}, "2": {"cov_matrix": [[208041.9902220123, -102280.94359943319], [-102280.94359943319, 108597.50495984883]], "mean": [706.2671232876712, 1179.3287671232877]}}}, "FE": {"7-11": {"max_dim": 1, "1": {"cov_matrix": 293.4267020526869, "mean": 1371.6919191919192}}, "11-15": {"max_dim": 1, "1": {"cov_matrix": 375.77173232185066, "mean": 1766.0230769230768}}, "15-19": {"max_dim": 1, "1": {"cov_matrix": 507.9141734612958, "mean": 1424.7936507936508}}, "19-23": {"max_dim": 1, "1": {"cov_matrix": 305.2715303480258, "mean": 1445.1584}}}}, "44": {"LA": {"7-11": {"max_dim": 2, "1": {"cov_matrix": 291.37619344884604, "mean": 728.5447323623983}, "2": {"cov_matrix": [[61861.04733692038, -37489.78455267], [-37489.78455267, 68802.98430163431]], "mean": [539.68345323741, 528.9904076738609]}}, "11-15": {"max_dim": 2, "1": {"cov_matrix": 221.33359814344732, "mean": 865.6415333841077}, "2": {"cov_matrix": [[67626.39690134425, -50960.88727500569], [-50960.88727500569, 76305.75552517657]], "mean": [564.6466165413534, 617.9548872180451]}}, "15-19": {"max_dim": 2, "1": {"cov_matrix": 260.9294041589236, "mean": 875.0053491827638}, "2": {"cov_matrix": [[71481.81294144451, -74687.99868990658], [-74687.99868990658, 119060.15686944632]], "mean": [804.7443609022556, 501.56390977443607]}}, "19-23": {"max_dim": 1, "1": {"cov_matrix": 198.39026132566516, "mean": 882.4335199440168}}}, "SA": {"7-11": {"max_dim": 0}, "11-15": {"max_dim": 0}, "15-19": {"max_dim": 1, "1": {"cov_matrix": 311.3196451054309, "mean": 960.5714285714286}}, "19-23": {"max_dim": 1, "1": {"cov_matrix": 201.23011470358344, "mean": 1117.5245901639344}}}, "FE": {"7-11": {"max_dim": 0}, "11-15": {"max_dim": 0}, "15-19": {"max_dim": 0}, "19-23": {"max_dim": 0}}}, "82": {"LA": {"7-11": {"max_dim": 3, "1": {"cov_matrix": 380.4720008295361, "mean": 889.8582102828678}, "2": {"cov_matrix": [[118879.2892710758, -71139.63992379922], [-71139.63992379922, 117871.6244263567]], "mean": [667.2010771992818, 650.8626570915619]}, "3": {"cov_matrix": [[27886.52160670092, -5098.428326670473, -7973.0719588806405], [-5098.428326670473, 74089.42014087187, -27098.942984960962], [-7973.0719588806405, -27098.942984960962, 109813.78659813438]], "mean": [584.5728155339806, 506.8252427184466, 534.3786407766991]}}, "11-15": {"max_dim": 2, "1": {"cov_matrix": 271.38861036555664, "mean": 965.2934848792369}, "2": {"cov_matrix": [[53611.73132964059, -26345.83899997516], [-26345.83899997516, 52571.941091432964]], "mean": [722.2787401574803, 690.2425196850394]}}, "15-19": {"max_dim": 2, "1": {"cov_matrix": 214.79342320650613, "mean": 978.123013537375}, "2": {"cov_matrix": [[55735.16961631365, -42535.92584076552], [-42535.92584076552, 57576.30153753255]], "mean": [705.6682692307693, 850.9471153846154]}}, "19-23": {"max_dim": 2, "1": {"cov_matrix": 276.1870216606253, "mean": 1039.6496507254164}, "2": {"cov_matrix": [[38772.63292589765, -22149.750403191585], [-22149.750403191585, 61972.777395806785]], "mean": [710.6038961038961, 717.0194805194806]}}}, "SA": {"7-11": {"max_dim": 1, "1": {"cov_matrix": 204.99661192050422, "mean": 1202.4537572254335}}, "11-15": {"max_dim": 1, "1": {"cov_matrix": 152.0774858472595, "mean": 1326.7182130584192}}, "15-19": {"max_dim": 1, "1": {"cov_matrix": 246.27440134349257, "mean": 1124.983455882353}}, "19-23": {"max_dim": 1, "1": {"cov_matrix": 293.716402344468, "mean": 1255.9228070175438}}}, "FE": {"7-11": {"max_dim": 1, "1": {"cov_matrix": 203.82494618443434, "mean": 1338.7552447552448}}, "11-15": {"max_dim": 0}, "15-19": {"max_dim": 1, "1": {"cov_matrix": 175.20351351065437, "mean": 1304.068376068376}}, "19-23": {"max_dim": 0}}}, "132": {"LA": {"7-11": {"max_dim": 6, "1": {"cov_matrix": 254.964884212554, "mean": 480.2009685230024}, "2": {"cov_matrix": [[46004.09741741705, -11282.354874754992], [-11282.354874754992, 42220.534073732066]], "mean": [465.3880070546737, 465.17979884646553]}, "3": {"cov_matrix": [[45643.10995287905, -14317.06481176043, 3335.80418631289], [-14317.06481176043, 38494.652786990126, -11163.759601996466], [3335.80418631289, -11163.759601996466, 35947.91083659033]], "mean": [449.5640472878999, 469.60632823365785, 446.94853963838665]}, "4": {"cov_matrix": [[45821.222512246466, -14460.962130440033, 3218.250146353885, -4603.917894143336], [-14460.962130440033, 39847.642973496746, -13636.468951318635, 2674.8916897682666], [3218.250146353885, -13636.468951318635, 30801.243972961794, -9077.015213132676], [-4603.917894143336, 2674.8916897682666, -9077.015213132676, 37903.849689615985]], "mean": [421.287525661152, 458.95314575534354, 458.06206979833354, 429.887090931047]}, "5": {"cov_matrix": [[42775.72317681253, -14507.539495507024, 2288.5102838439593, -5142.807708050023, -7974.786933045357], [-14507.539495507024, 40825.534297065766, -12299.646641030624, 2406.8919044571676, -4820.375965160884], [2288.5102838439593, -12299.646641030624, 30748.977366763043, -10421.139235623057, 644.8536494223314], [-5142.807708050023, 2406.8919044571676, -10421.139235623057, 28812.924461852566, -6140.175558526747], [-7974.786933045357, -4820.375965160884, 644.8536494223314, -6140.175558526747, 46723.57347107469]], "mean": [365.56371490280776, 428.2928108608454, 447.4585004628201, 449.6124652884912, 367.24776303609997]}, "6": {"cov_matrix": [[39400.39059371141, -9806.888262562929, 1162.3872955257889, -3129.1212881162724, -9228.062971406858, -7879.161544599602], [-9806.888262562929, 44208.09382540134, -16334.912824166437, 1945.2144086634346, -6886.816378835378, -6187.210253633519], [1162.3872955257889, -16334.912824166437, 33957.53458535196, -6189.668429752063, -899.5196409233399, -3002.9289883157594], [-3129.1212881162724, 1945.2144086634346, -6189.668429752063, 22295.43161014533, -8037.913297235681, -19.12824166429245], [-9228.062971406858, -6886.816378835378, -899.5196409233399, -8037.913297235681, 28844.694475159118, 65.50681675691092], [-7879.161544599602, -6187.210253633519, -3002.9289883157594, -19.12824166429245, 65.50681675691092, 46232.15502422344]], "mean": [321.5771349862259, 382.6873278236915, 410.1198347107438, 446.5702479338843, 397.5027548209366, 280.0289256198347]}}, "11-15": {"max_dim": 6, "1": {"cov_matrix": 253.17453376794555, "mean": 473.76762114537445}, "2": {"cov_matrix": [[50285.03839617197, -18144.771934406308], [-18144.771934406308, 45395.213204613494]], "mean": [457.26791557979607, 462.4353806023239]}, "3": {"cov_matrix": [[53221.55867718354, -20116.22243838126, 1179.8583850441703], [-20116.22243838126, 43687.7877485001, -15543.089848515481], [1179.8583850441703, -15543.089848515481, 40107.204930857224]], "mean": [444.8441046551138, 468.2794427454978, 455.71328576282707]}, "4": {"cov_matrix": [[53227.801122235294, -20153.800407720093, -1128.8773665817203, -2268.842464946389], [-20153.800407720093, 47712.0531163174, -17222.56223604777, 1574.5139478025203], [-1128.8773665817203, -17222.56223604777, 37461.83796195422, -13643.235875456581], [-2268.842464946389, 1574.5139478025203, -13643.235875456581, 39759.90366148227]], "mean": [420.73327049952877, 458.26189915174365, 465.85591423185673, 441.875]}, "5": {"cov_matrix": [[47617.74066508375, -17060.25014240244, -4998.048391276715, -460.86531980432306, -9160.470430159303], [-17060.25014240244, 46479.56175498544, -16204.038163854246, -1104.6817539518456, -4787.184452494793], [-4998.048391276715, -16204.038163854246, 40336.193583795095, -15706.053329547378, 1631.6399736381466], [-460.86531980432306, -1104.6817539518456, -15706.053329547378, 33548.84907667725, -9502.952941499534], [-9160.470430159303, -4787.184452494793, 1631.6399736381466, -9502.952941499534, 44635.14705733722]], "mean": [378.91262735412164, 432.99660389008955, 451.58413090460016, 460.1346094473603, 393.522074714418]}, "6": {"cov_matrix": [[45464.65646383187, -14923.332881231674, -6791.657494297818, 1862.5804659498212, -8672.547262952103, -11814.27551319648], [-14923.332881231674, 41032.46676034536, -4512.353290974258, -5920.809107201039, -4943.711485826004, -8665.461893124795], [-6791.657494297818, -4512.353290974258, 31768.844379276656, -13504.757706093187, -183.76057347670113, 479.66041055718495], [1862.5804659498212, -5920.809107201039, -13504.757706093187, 34121.973476702515, -13753.801955034214, -617.1700879765399], [-8672.547262952103, -4943.711485826004, -183.76057347670113, -13753.801955034214, 32585.730791788865, 2176.9506028022165], [-11814.27551319648, -8665.461893124795, 479.66041055718495, -617.1700879765399, 2176.9506028022165, 54295.57113066144]], "mean": [344.9899193548387, 411.84475806451616, 387.508064516129, 484.26612903225805, 404.6209677419355, 326.5241935483871]}}, "15-19": {"max_dim": 6, "1": {"cov_matrix": 217.2529144017931, "mean": 467.2621682567216}, "2": {"cov_matrix": [[31858.514686360286, -10658.29202697674], [-10658.29202697674, 27245.213614133416]], "mean": [445.884305139433, 454.6110624567873]}, "3": {"cov_matrix": [[35357.19881579939, -12736.291646406378, 654.0691923736911], [-12736.291646406378, 26634.917131660346, -9841.355919888863], [654.0691923736911, -9841.355919888863, 24117.74579703383]], "mean": [436.91278577476714, 457.8331922099915, 452.8082459454178]}, "4": {"cov_matrix": [[38311.21414031012, -13738.969553495066, 358.8386703091346, -1530.0390804796539], [-13738.969553495066, 30222.990360215426, -12188.953448749346, 1198.7406866148854], [358.8386703091346, -12188.953448749346, 22129.833087729312, -7660.50228317218], [-1530.0390804796539, 1198.7406866148854, -7660.50228317218, 24239.666604769925]], "mean": [418.00816146465206, 452.21583765302745, 459.33263482960183, 443.1527517370685]}, "5": {"cov_matrix": [[37778.3332772907, -13895.526955611025, -227.21933192191642, -1004.693139847057, -9031.078573190418], [-13895.526955611025, 33126.51958181134, -14172.196022918939, 1182.6682464797552, -1550.3880790372375], [-227.21933192191642, -14172.196022918939, 24844.13357090766, -9676.512827246994, 1883.5042934184896], [-1004.693139847057, 1182.6682464797552, -9676.512827246994, 19285.061257714337, -5885.067948561434], [-9031.078573190418, -1550.3880790372375, 1883.5042934184896, -5885.067948561434, 33386.45588668895]], "mean": [375.77299880525686, 435.64247311827955, 454.76433691756273, 452.98297491039426, 409.13291517323773]}, "6": {"cov_matrix": [[31860.47184940716, -11182.57298007578, 417.0709876543203, 1197.9761948417067, -7987.903972619485, -10684.4919080797], [-11182.57298007578, 37466.9069429165, -18744.14380882533, 2997.745721794401, -3659.9903312553497, -5286.213580246916], [417.0709876543203, -18744.14380882533, 26220.07419630852, -9036.2312675712, 4537.323951839629, 666.8508128590629], [1197.9761948417067, 2997.745721794401, -9036.2312675712, 15322.700342256445, -7936.926139836202, -3317.76424031292], [-7987.903972619485, -3659.9903312553497, 4537.323951839629, -7936.926139836202, 25585.075699792196, 1610.0421831071997], [-10684.4919080797, -5286.213580246916, 666.8508128590629, -3317.76424031292, 1610.0421831071997, 60167.80646620218]], "mean": [308.32345679012343, 422.54567901234566, 437.08641975308643, 451.01234567901236, 419.0320987654321, 281.1506172839506]}}, "19-23": {"max_dim": 5, "1": {"cov_matrix": 295.7506387121127, "mean": 581.516538818586}, "2": {"cov_matrix": [[63883.190654930215, -10691.823367058112], [-10691.823367058112, 65155.84607086613]], "mean": [499.99960870245735, 556.3678196900923]}, "3": {"cov_matrix": [[57551.94214726955, -19827.27491801955, 4917.144657726351], [-19827.27491801955, 55848.320961926416, -16516.629460973258], [4917.144657726351, -16516.629460973258, 45894.86992045079]], "mean": [431.227813225058, 496.1989559164733, 508.6203596287703]}, "4": {"cov_matrix": [[53066.73891687908, -21751.279141247625, 684.5550381822547, -3247.6732705361233], [-21751.279141247625, 52291.2783395722, -20972.040515410674, 4980.196247672868], [684.5550381822547, -20972.040515410674, 38631.16700401571, -15262.697263805907], [-3247.6732705361233, 4980.196247672868, -15262.697263805907, 36608.20873775931]], "mean": [368.87734627831713, 444.4161812297735, 479.84304207119743, 468.5838187702265]}, "5": {"cov_matrix": [[41466.927753119984, -17961.595989930087, -3589.6406316367197, 820.0106963037188, -12092.654116257425], [-17961.595989930087, 49271.091372563045, -21331.72135562077, 1782.0057066838476, -3585.918308397169], [-3589.6406316367197, -21331.72135562077, 36011.16124155867, -14476.162274798962, 2441.873898155438], [820.0106963037188, 1782.0057066838476, -14476.162274798962, 25151.171015582124, -7777.560573412553], [-12092.654116257425, -3585.918308397169, 2441.873898155438, -7777.560573412553, 41107.64056959457]], "mean": [310.7805676855895, 392.5207423580786, 466.76528384279476, 463.9093886462882, 420.7237991266376]}}}, "SA": {"7-11": {"max_dim": 2, "1": {"cov_matrix": 276.4590009482499, "mean": 930.423346303502}, "2": {"cov_matrix": [[34468.70085470087, -13932.68431809735], [-13932.68431809735, 84496.78258547]], "mean": [780.3461538461538, 743.1201923076923]}}, "11-15": {"max_dim": 2, "1": {"cov_matrix": 219.65372155835308, "mean": 834.2774949083503}, "2": {"cov_matrix": [[43172.35352759917, -19400.811427779376], [-19400.811427779376, 48917.74052394201]], "mean": [805.8352365415986, 816.5089722675367]}}, "15-19": {"max_dim": 2, "1": {"cov_matrix": 247.59905949220368, "mean": 814.5843402609956}, "2": {"cov_matrix": [[58304.86505233479, -18641.039564022278], [-18641.039564022278, 54663.86727921454]], "mean": [748.0806916426513, 790.4538904899135]}}, "19-23": {"max_dim": 2, "1": {"cov_matrix": 278.25879461132615, "mean": 940.7906066536203}, "2": {"cov_matrix": [[63382.46338982519, -44104.27139570912], [-44104.27139570912, 68376.75019952115]], "mean": [795.5139664804469, 931.977653631285]}}}, "FE": {"7-11": {"max_dim": 1, "1": {"cov_matrix": 285.74143236589936, "mean": 1325.9689265536724}}, "11-15": {"max_dim": 1, "1": {"cov_matrix": 261.12191987884955, "mean": 1110.5063829787234}}, "15-19": {"max_dim": 1, "1": {"cov_matrix": 162.19924560019177, "mean": 1153.3982683982683}}, "19-23": {"max_dim": 1, "1": {"cov_matrix": 212.97451904934948, "mean": 1172.4592145015106}}}}, "133": {"LA": {"7-11": {"max_dim": 4, "1": {"cov_matrix": 340.0830978052521, "mean": 729.983606557377}, "2": {"cov_matrix": [[100743.8463284609, -31111.64141017979], [-31111.64141017979, 87649.49769348576]], "mean": [607.8621578099838, 580.6473429951691]}, "3": {"cov_matrix": [[84683.65889863134, -36749.17822598674, -1097.4457438088357], [-36749.17822598674, 85456.22261854494, -28656.404595245793], [-1097.4457438088357, -28656.404595245793, 64346.037914503584]], "mean": [457.6818897637795, 505.89606299212596, 441.23464566929135]}, "4": {"cov_matrix": [[54209.79730134928, -25925.620089955024, 8972.97241379311, -27021.825487256392], [-25925.620089955024, 60123.41469265368, -23901.78410794604, 409.21799100449323], [8972.97241379311, -23901.78410794604, 56483.58080959521, -14959.413193403296], [-27021.825487256392, 409.21799100449323, -14959.413193403296, 64880.51484257871]], "mean": [313.55172413793105, 449.55172413793105, 374.86206896551727, 437.1551724137931]}}, "11-15": {"max_dim": 3, "1": {"cov_matrix": 284.0420917733262, "mean": 782.6740318641703}, "2": {"cov_matrix": [[71076.75334606376, -26078.801386146675], [-26078.801386146675, 72466.82275784375]], "mean": [651.4480271531608, 722.6525243954179]}, "3": {"cov_matrix": [[70517.90240167071, -26918.39039331709, -30949.486042464316], [-26918.39039331709, 87890.22540898014, -39181.701566307], [-30949.486042464316, -39181.701566307, 97972.09401322654]], "mean": [462.5764705882353, 582.3058823529411, 527.6647058823529]}}, "15-19": {"max_dim": 3, "1": {"cov_matrix": 252.2447120816326, "mean": 711.2630387626143}, "2": {"cov_matrix": [[52943.97754753637, -19902.940545985017], [-19902.940545985017, 47626.209492502814]], "mean": [640.2586120818772, 685.2865701447828]}, "3": {"cov_matrix": [[45992.40757156048, -32013.543721144957, -5028.499676823638], [-32013.543721144957, 58022.667943982786, -12094.68069405971], [-5028.499676823638, -12094.68069405971, 57163.336226531246]], "mean": [476.3213296398892, 611.2908587257617, 515.2576177285318]}}, "19-23": {"max_dim": 3, "1": {"cov_matrix": 277.6919628574566, "mean": 737.7626800868364}, "2": {"cov_matrix": [[57530.84080928537, -23526.254014320682], [-23526.254014320682, 37172.64424530804]], "mean": [607.8073212258797, 695.8175368898978]}, "3": {"cov_matrix": [[43535.97330077329, -18721.50266178266, -2002.1539112739065], [-18721.50266178266, 40077.14168498169, -16255.685103785101], [-2002.1539112739065, -16255.685103785101, 20299.790932030934]], "mean": [428.96866096866097, 639.1880341880342, 632.1937321937322]}}}, "SA": {"7-11": {"max_dim": 1, "1": {"cov_matrix": 267.06445507154933, "mean": 1226.075794621027}}, "11-15": {"max_dim": 1, "1": {"cov_matrix": 327.0151394826257, "mean": 1253.1491228070176}}, "15-19": {"max_dim": 1, "1": {"cov_matrix": 352.41507229404846, "mean": 1113.1971066907777}}, "19-23": {"max_dim": 1, "1": {"cov_matrix": 364.2399281624694, "mean": 1052.0623818525519}}}, "FE": {"7-11": {"max_dim": 0}, "11-15": {"max_dim": 1, "1": {"cov_matrix": 384.3295225762588, "mean": 1154.4056603773586}}, "15-19": {"max_dim": 1, "1": {"cov_matrix": 267.99282969303346, "mean": 1279.7101123595505}}, "19-23": {"max_dim": 1, "1": {"cov_matrix": 179.06828993777037, "mean": 1339.8794520547945}}}}}